4.023544236392991302e-01 -6.991036304543669644e-01 -5.910710885023994221e-01
-2.253035822159248358e-01 -6.050288657924999258e-01 -7.636611600693811175e-01
-2.007075739851189866e-01 -6.035120167656035095e-01 -7.716798010603374003e-01
-8.812101044905811253e-01 4.366160110044203790e-01 1.812048859117404154e-01
-1.597911262132157770e-02 -3.701537821299745734e-01 -9.288330557935102760e-01
8.486659758997479042e-01 4.545254501495021859e-01 -2.705044852059218519e-01
4.565618291128413220e-01 -8.710771831789713149e-01 1.810409819409005416e-01
7.885963909090906165e-01 -4.874748970853038377e-01 3.748118954313339746e-01
-6.215868292492570113e-01 5.989581602900696522e-01 -5.048553613915478522e-01
3.241781331339971262e-02 -8.002885683556352214e-01 -5.987380835885296460e-01
-1.600781424951279799e-02 -9.997690835544040810e-01 -1.433629839742672080e-02
-9.385587033879857488e-01 -3.296350801947456333e-01 -1.022167999874135508e-01
2.247611992727810704e-01 3.934465994395265342e-01 8.914494807284000233e-01
1.947848455251828814e-01 9.807054328358946194e-01 1.660475714640183981e-02
7.602207900326152235e-01 1.076635355691966667e-01 -6.406816007276366909e-01
-9.752349813241832921e-01 1.912701063677819946e-01 -1.110516889186174833e-01
4.657622649231538681e-01 -4.406426653212638378e-01 -7.673979111727023961e-01
-4.016948965686092388e-01 3.619858893825179669e-01 8.411940477432552354e-01
1.814025069784307997e-01 6.197583823728718411e-01 -7.635395719545262638e-01
-8.552899437462798682e-01 -2.904706164105117505e-01 4.290756729629199850e-01
-1.010174396695293353e-01 -7.431512924061954850e-01 -6.614541809359241187e-01
2.285680697350548074e-01 -9.674644746625882252e-01 1.084856108589205975e-01
6.555328484075995110e-01 -7.488954148289458379e-01 -9.712024663683807568e-02
-5.991079118488386486e-03 -8.487192838466713907e-01 -5.288096861799993498e-01
6.581178659461588420e-01 -6.929850267086479221e-01 -2.943681831993537057e-01
5.246602630466531969e-02 6.088294609363384957e-01 7.915642763413252014e-01
2.769980163726404876e-01 -3.685389217824888708e-01 8.873844499747687298e-01
1.918797768962519634e-01 4.518871193194609615e-01 -8.711946869738151911e-01
5.601346701892756519e-01 1.632224514854166419e-01 -8.121622883285346539e-01
9.941771930372835797e-01 -6.269116956348709524e-02 8.764431586400783791e-02
-6.336914569639825467e-01 -3.214618800758142214e-01 7.036315776235372299e-01
-4.188308536191086562e-01 6.537777020704247377e-01 6.302026914669626168e-01
7.764803525237019555e-01 -6.407741584748907759e-02 6.268750648438455864e-01
5.630117836534673792e-01 -7.682434536498723432e-01 3.046633016814753181e-01
-8.773228511005489727e-01 4.629703179139867397e-01 1.263451608389740966e-01
9.443099496554918648e-02 9.853903346600106916e-01 1.417345248993637785e-01
9.880056900314558854e-01 -1.366198482675748116e-01 7.197064349310589026e-02
-3.987299935088400304e-01 -9.079536253744852070e-01 1.289752164013275582e-01
1.954803038480158184e-01 -3.165825548664457090e-01 9.282041460593252191e-01
1.135339408898852626e-01 1.707813174035514581e-01 9.787460272675028161e-01
6.994927414219669348e-01 -6.934532122494434514e-01 1.727210094890312408e-01
5.661442903290773154e-01 6.372960643431527794e-01 -5.228138950912776250e-01
1.100298147736447352e-01 6.076931875710129454e-04 -9.939281013080710769e-01
4.316548648501357111e-01 -3.419162743817417971e-02 -9.013905980563255982e-01
-7.714113474888799615e-01 3.117312959498238500e-01 5.547505133759083051e-01
-8.971666213471484186e-01 4.336855786806788071e-01 8.371900850432495433e-02
8.499983690694529193e-01 -1.737172990342516210e-01 -4.973178788214981938e-01
-8.189444015216725825e-01 1.853537139125395750e-01 5.431151516530706713e-01
3.629193111031863705e-01 -1.698936741623956748e-01 9.162017862392489720e-01
6.752287316946817830e-01 7.155204836477945252e-01 1.791552326180218258e-01
-4.597605633608880527e-01 -7.683269574891909981e-01 4.453020444299374270e-01
-3.902733169582112138e-02 9.950498114028157870e-01 9.139332693323537482e-02
7.028053971545762391e-01 -1.695860502160091432e-01 6.908727417567809281e-01
-8.027748328627162255e-01 4.424869588329444769e-01 3.996972091283725326e-01
-8.667359549909295913e-01 1.711923948967566389e-01 4.684676597754367511e-01
2.320878494398355973e-01 -4.511739689299427147e-01 8.617292381614978236e-01
-8.401636726714526437e-01 4.793423913390318369e-01 2.536845974603003095e-01
5.306056591224393992e-01 2.145990081859919518e-01 8.200029879170137592e-01
8.485015869618713902e-01 5.272229602399328696e-01 -4.561805694051608573e-02
-2.326611251950843617e-01 -9.369360697200448396e-01 -2.608056787735122950e-01
3.138574561600653845e-01 1.318434292444924383e-01 -9.402716667951795948e-01
-5.610399344842955660e-01 7.658008367923828663e-01 -3.142980596216647382e-01
-1.184842061800467916e-01 -9.630932376622732827e-01 -2.416876257798157845e-01
-2.354560651480173961e-02 -8.420765974567940848e-01 5.388437699643919832e-01
-3.274659360038848638e-02 -9.568166653309181369e-01 2.888417032780984939e-01
-4.953732933045751907e-01 -6.573456117701685919e-01 -5.678926368311902895e-01
-7.961246434539364092e-01 1.547336521045150626e-01 5.850154262852746978e-01
-3.238250412328023686e-01 7.421879222264575748e-01 -5.867660784092307846e-01
3.550636705289331729e-01 8.446336544227771581e-01 4.006541896535538161e-01
-9.783620199676554829e-01 -1.497385036873067066e-01 1.427800350129363460e-01
-4.612050516677341783e-01 -8.733907912879256275e-01 -1.564558276626787925e-01
-5.051609463428774482e-01 -5.060046847514589885e-01 6.991220761065589651e-01
3.125403126071705368e-02 -9.555840568101436894e-01 2.930568134342253495e-01
1.299262532511998580e-01 -9.909173452329915754e-01 -3.466963559810296719e-02
-3.307059533308009391e-01 -8.660297578619960968e-01 -3.750013745695590650e-01
1.721857588517630711e-01 8.492367081870678680e-01 -4.991483526129634751e-01
7.288993803798497761e-02 -1.126993789640013885e-02 9.972763134821913678e-01
-9.270901526597553621e-01 2.864584258229647129e-01 2.417548740280961728e-01
-8.533552910464176078e-01 -4.742616723244970633e-01 -2.164731239832214660e-01
9.982478617091518347e-02 -4.189925567674710472e-01 -9.024855951423206291e-01
-5.888133632658607564e-01 -5.911056266031053941e-01 5.512648741192348600e-01
-6.578466933328055433e-01 6.728417075217058008e-01 -3.384106450606554906e-01
8.608778198672089044e-01 5.066713354053580254e-01 -4.662120911379868254e-02
2.536394364219290432e-01 9.939328798614810445e-02 9.621787830724957136e-01
-8.773269633650379040e-01 4.727959389250884770e-01 8.222772943858774886e-02
2.882706723554956940e-01 -5.979427005294039033e-01 -7.479067765058116102e-01
-2.648046089558190319e-01 5.848372795853814532e-01 -7.667097726538550928e-01
-7.649553969450816338e-01 -4.775361778842130422e-01 4.322064778509572824e-01
-1.071139767268159682e-01 7.976900435762170893e-01 5.934788878883056062e-01
-3.306933329336118055e-01 3.829485907398285649e-01 8.625498805307659778e-01
-8.289487408110939315e-01 3.569817458871666349e-01 -4.305903136521444519e-01
3.265891168376834977e-03 -1.231675254337202818e-01 9.923805190718982816e-01
6.748876068588340882e-01 -6.690280648482462844e-01 -3.113328870417753080e-01
4.934144416449170456e-01 7.148551725253634581e-01 -4.955040575918299162e-01
-5.242271321231141146e-01 -2.644434183060915267e-01 8.094785929600391006e-01
6.112863057048312232e-01 6.901546110556490143e-01 -3.873185579033948112e-01
-2.585308657478884165e-01 -6.954213920016351080e-01 -6.704855546558444734e-01
-5.239254027475508391e-01 4.442428828607400404e-01 -7.267395911765062166e-01
-6.678021611834777417e-03 -9.851427189286454666e-01 1.716077718788632800e-01
-4.544345948274999270e-01 1.031113465184860661e-01 8.847922068164426612e-01
5.084773345719931781e-01 -5.268462798305764139e-01 6.810901538381268772e-01
-8.765960862489698968e-01 -2.031528577896007381e-01 4.362433013180909147e-01
-5.068727627467286556e-01 -5.954031051585256806e-01 -6.233579587629279883e-01
-6.377522720059137784e-01 6.362068350669299877e-01 -4.341807256954355876e-01
6.371585123154841490e-01 5.161909476290742482e-01 -5.723424986576807205e-01
-7.968279588754121345e-01 -5.860351447251674895e-01 -1.470646561937861974e-01
3.755186432120929951e-01 4.229014311567723672e-01 -8.247060859031553059e-01
-7.675863364764841101e-01 -5.906707335719757479e-01 -2.488358908119035762e-01
5.038727858850059471e-01 6.484695091418215540e-01 -5.706132765348594926e-01
1.075367300693366585e-01 -8.855972269508166628e-01 -4.518333800230106001e-01
-4.711194079156670322e-01 -2.106905041627470387e-01 -8.565372233247302569e-01
-4.683927615347385776e-01 -6.972989842992052267e-01 -5.425701313536880344e-01
-5.543794722667356734e-01 6.850347428549994344e-01 -4.726423614222919345e-01
8.887151469771772394e-01 -4.918298749066211256e-02 4.558140204895279046e-01
-1.145220003077466603e-01 3.436218932322087083e-01 -9.320990859007560747e-01
2.887788073153969015e-01 9.308544240969351957e-01 2.238679110204495337e-01
9.037505827937962755e-01 -4.167566110569477789e-01 9.771801901492593867e-02
8.214306677349989538e-01 3.641083935295703622e-01 -4.389495823733624014e-01
-5.492230354672965331e-02 9.748142289482762957e-01 -2.161498545294400220e-01
5.039218405105392457e-02 9.859157926275041728e-01 1.594699897605960648e-01
-9.421139241726310676e-01 2.999895665873461570e-01 -1.497585183513186757e-01
4.870464087972998374e-02 -8.777766852726693880e-01 -4.765878185062029093e-01
3.177733691079688283e-01 -7.817582154080209289e-01 5.365390745582627741e-01
-1.964857639960392310e-01 9.709420316051610156e-01 1.366196025807984438e-01
-6.283891982103952945e-01 3.175433758817449159e-01 -7.101360573904985651e-01
-8.424246712570440110e-01 3.554790574227604250e-01 -4.049139575160224935e-01
4.899838753752174259e-01 6.916540384861775692e-01 -5.305944712471517555e-01
3.313516710813327881e-01 -1.432034694550314291e-01 -9.325764507039892015e-01
1.848728320764011501e-01 -6.643460763599141616e-01 -7.242004741680565516e-01
4.623026206212341171e-01 -1.381935515277371018e-01 -8.758874524063522404e-01
-8.146408631076319795e-02 -5.311695214592683234e-01 8.433401105807101228e-01
1.862229079913773622e-01 5.408640224183022260e-01 8.202360256613515643e-01
-7.471324033400845721e-01 -2.533907504633999275e-01 6.144805118625520368e-01
-7.556755187066566126e-02 5.957452727649050761e-01 -7.996106021574145295e-01
-1.384274486729672737e-01 9.209495007383162735e-01 3.642661918758574591e-01
-4.675272444842337727e-01 -5.481235305595457685e-01 6.935264024620247936e-01
7.072912847282354365e-01 6.851442217082327479e-01 1.741161509088178794e-01
-7.835037447867264637e-01 -1.438710403531282267e-01 -6.045022792784860988e-01
-2.291987591490251275e-01 -4.970380721065022489e-01 8.369116343325611052e-01
-7.694194397106589589e-01 -3.766289818354046082e-01 5.158917869446673077e-01
-5.465717509963877729e-01 -3.014538237443049364e-03 -8.374068506836790382e-01
8.529860818715148119e-01 -4.354308099279434741e-01 -2.877755269285010575e-01
-9.149373511115681534e-01 -1.312071257256337276e-01 3.816730717508962090e-01
2.200012903626789307e-01 7.472790262670470085e-01 -6.270354767795284223e-01
1.263203294105869900e-01 -8.437017516512153037e-01 5.217379884944856050e-01
-4.638674218911736924e-01 3.566530530630763751e-01 8.109411906228604083e-01
-7.681400903816724135e-01 -3.755763914430462758e-01 -5.185587485898349724e-01
-7.823067646429567035e-02 9.893608942043649046e-01 -1.226579890552517565e-01
-7.727504576573681651e-03 4.908812843529918313e-01 -8.711922005763002019e-01
4.031894452388051775e-01 -7.075172974667931491e-01 -5.803943013446204446e-01
9.817003490250278963e-01 1.825535062043589507e-01 -5.420924364565110620e-02
2.433157658291102421e-01 6.815098878473022648e-01 6.901751305758206945e-01
2.257750178706676436e-01 -5.462762816424161505e-01 -8.066026688651825038e-01
1.208617964308633108e-01 -8.301716790923722167e-01 -5.442493999964131968e-01
-2.240167224356988118e-01 8.739049816008059857e-01 -4.314007315738603854e-01
1.068245757836858850e-01 -9.590825000394863631e-01 -2.622008164110939954e-01
-1.940487002078456757e-01 3.751458087422302468e-01 9.064274511127647926e-01
2.124196334684733956e-01 -9.536332020916072905e-01 2.132172957000139646e-01
-2.020383906329503709e-01 -1.564894172400297864e-02 9.792525717777647021e-01
9.974325283838393341e-01 -3.290098583736472682e-02 -6.360720440917949636e-02
-4.375793235550146654e-01 -7.227388333088908823e-01 5.349513196772572865e-01
-4.897720345591495272e-01 3.334455122719515718e-01 -8.055665363639972210e-01
7.817060891481343310e-01 5.209731468171444613e-01 3.428156508740101138e-01
-4.153191354837866833e-01 8.351419473316630260e-01 3.606216071009579749e-01
9.962950675791629740e-01 -8.479216110082679614e-02 1.436759316247694825e-02
2.787801835440974485e-01 -8.921390938077611299e-01 -3.554848049677880040e-01
-9.112869482381003028e-01 -1.592068049306339383e-01 -3.797489845077522963e-01
7.902037467934690529e-01 -4.805152893255027480e-01 -3.803723113976508752e-01
4.647926347720654494e-01 -5.456498389476940325e-01 6.973048543628508344e-01
-5.804365237886379703e-01 -6.032657570749065945e-01 -5.469587445072995324e-01
-8.450421728509027730e-01 -5.115753514989708206e-01 1.555454462275556449e-01
-6.916620231435451904e-01 -6.259763465502659052e-01 -3.602183494778679052e-01
5.716240505097123226e-01 5.561110124556182255e-01 6.033129260213616618e-01
-4.759732409177847012e-01 6.557949691520756907e-01 -5.859884234053166496e-01
6.347092021098983405e-01 -7.090695210639771928e-02 7.694910219749138136e-01
8.060727635062576724e-01 3.960541480294421102e-01 -4.397588108975845622e-01
-5.872483943849942101e-01 2.096466273340451547e-01 -7.817848904524223874e-01
8.970442084396648141e-01 -4.353341315377454723e-01 -7.613069041544485993e-02
-1.619082003238052625e-01 -1.701310927994550692e-01 9.720293956104257838e-01
-9.492036865505114607e-01 3.652073569144977279e-03 -3.146411031597174945e-01
-4.086986204746880236e-01 -9.011916923434253324e-01 1.442878070845896310e-01
1.177253328973552060e-01 -9.284136085140213268e-01 -3.524044799944807127e-01
-5.857648105209376510e-01 2.182538424015143252e-01 -7.805413807302883367e-01
2.727677550574567067e-01 -2.921094615141774931e-01 -9.166623229383941140e-01
3.214800836864004641e-01 9.091660420640159668e-01 -2.647029726894600254e-01
-4.757645829099778623e-01 -1.559836930583159698e-01 -8.656310698839222439e-01
9.918119965761447165e-01 -6.387506861119660040e-02 1.105845335368225574e-01
7.181958730807974645e-01 -5.296731900855349284e-01 4.512659964968818715e-01
8.678943225755078039e-01 -9.341787861524157577e-02 4.878857907299904428e-01
-2.683177420358190401e-01 -3.642859145003422561e-01 -8.917967043028636187e-01
6.486063526151442105e-01 -4.326506088463575872e-01 6.261974528949756369e-01
8.008061266029660452e-02 -9.482453399390396998e-01 3.072749107230307031e-01
-3.048843692121473992e-01 -8.032315402740288768e-01 -5.117270894911877255e-01
8.607268620607464449e-01 -1.146909301468921893e-01 4.959790917660759635e-01
2.076818090756953339e-01 -5.937064348656227036e-02 -9.763930524491855056e-01
-5.400000069192305574e-01 -8.403473736944050421e-01 4.707742614190676272e-02
-7.852306574396175076e-01 -2.563182031064411004e-01 -5.636610624952120840e-01
-5.336903717103673728e-01 -3.948420521139634487e-01 -7.478464688865515964e-01
8.973631175182813502e-01 6.449950061550467628e-02 4.365538337229690202e-01
-7.831618581710905191e-01 6.210724406101750805e-01 -3.043891293271279094e-02
6.855887586285158708e-01 -5.949628650950467001e-01 -4.195083350782244369e-01
6.744126174032997190e-01 -5.951335267414086250e-01 4.370168267190217559e-01
3.476845988454806413e-01 -7.798688400230230355e-01 5.204997714570122058e-01
-6.481874549519367479e-01 -8.366008233874694389e-02 -7.568712003148259093e-01
-8.781196089179368336e-01 2.013686187004188888e-01 -4.340007279216187008e-01
-1.041927804891488868e-01 -5.678259581626937669e-01 8.165277372695667335e-01
8.196230537317990006e-01 -6.744326352504602384e-02 5.689195514274858478e-01
-6.967850853965105173e-01 3.193981464891829103e-01 -6.422424532746585646e-01
7.737465550451941843e-01 5.155037164606839362e-01 -3.682012858083432705e-01
6.995973122892011897e-01 4.862300231208692702e-01 -5.235875908132323620e-01
3.905518855041337778e-01 8.520018571993284162e-01 3.486575111166559382e-01
4.530788148706009766e-01 8.710846917516454901e-01 1.895548662297870390e-01
1.151502098408834981e-02 4.753333833893005900e-01 8.797304012749679325e-01
-7.071867153479365342e-01 -1.546542967809182764e-03 7.070251465402382918e-01
-3.687965486346596600e-01 -7.379548072477202236e-01 -5.651652927906519741e-01
-2.597916426459783157e-01 -6.456699840485483621e-01 -7.180658563878744571e-01
-8.875021093424800833e-01 -3.528478578512654895e-01 2.963754293500419634e-01
-4.997539184042519844e-01 1.853529524782283333e-01 8.461030103050098949e-01
-2.467665161001749985e-01 -9.071400028350186107e-01 3.408860539656390354e-01
-7.751892523477158514e-01 1.816252008857582867e-01 -6.050569472766983425e-01
5.907960051791547595e-01 -7.201192231041229075e-01 -3.638521468677445858e-01
-1.324802570113003397e-01 9.152305046264631594e-01 3.805287175804338284e-01
-3.074996583381880630e-02 -5.902585678169781636e-01 -8.066283299759987591e-01
5.099633549396336285e-01 -8.575316277360870432e-01 6.765267216459405764e-02
9.513722102360773203e-01 -3.078048861296336369e-01 -1.212722825894072334e-02
-3.365384514470179944e-01 5.672047848476430287e-01 -7.516785235348832916e-01
-6.467907149575261583e-01 -7.622835097659625969e-01 2.419962362553951946e-02
-3.900614686733476222e-01 5.314929350489246973e-01 -7.519091106307136396e-01
8.998314215461603593e-01 4.014865516985093308e-01 -1.706222775708269579e-01
-7.518898964820238673e-01 -6.460610709429771559e-01 1.314027251630070225e-01
-3.215116371308458509e-01 -9.412240536228682064e-01 -1.035738773590119399e-01
-1.697835917904019221e-01 -7.515708374624217036e-01 -6.374282769337928922e-01
4.544984385488631817e-01 -8.879747264562179998e-01 -7.022858770935209993e-02
-5.411365976538345945e-01 -8.378763820870757106e-01 -7.165438591115434741e-02
-6.649170819000304045e-01 5.499714688510709548e-01 5.053876310787034365e-01
-1.496094932233076602e-01 2.398392678844380246e-02 9.884542330291634649e-01
-2.166819123658761947e-01 8.900367319381363718e-02 9.721765760454607053e-01
-9.328947243724643457e-01 -2.533258323067824058e-01 2.559950310535336615e-01
6.100397263377480561e-01 -5.820237887586290348e-01 5.376800550595273176e-01
-7.191022930428067061e-01 6.933720572948670613e-01 -4.612030250617334126e-02
-7.251133657155163503e-02 7.802769556873361267e-01 -6.212165310838969612e-01
5.214721383883379469e-01 -5.234637366619360188e-01 6.738341971765884342e-01
4.029551686679574418e-01 -3.842729990630782688e-01 -8.306391480268946470e-01
6.389591830409666606e-01 -5.743361504664444561e-02 7.670935681325283806e-01
2.812625931467841456e-01 -8.340314635153511791e-01 -4.746397281757903652e-01
-2.172325244643070336e-02 -4.767445774595785446e-02 9.986266801872345500e-01
-7.953443387760119609e-01 -1.760055711805230128e-01 -5.800426033407942716e-01
-5.975611554599140618e-01 -6.901883904091040689e-01 -4.081184279469659004e-01
8.660418941588159392e-01 -3.393565819926533389e-02 4.988184125154090376e-01
-7.143052789881387810e-02 4.040559691425320565e-01 9.119410361884071614e-01
-5.233155535690651172e-01 -8.399793189817137407e-01 1.434418874517467413e-01
-2.118353771715595149e-02 8.278443084594887535e-01 5.605578102934759555e-01
9.179381875884659037e-01 -3.847110357927714386e-01 -9.688602946790315917e-02
-8.425150567711998661e-01 -2.359683157690648514e-01 -4.842389214705204448e-01
-1.409763903185719536e-01 2.106049895685259410e-01 -9.673526739207303216e-01
-5.156910050631094977e-01 -6.521079955614430546e-01 5.557139096890025831e-01
6.076333575560043387e-01 2.001595841444146484e-01 -7.685817091632821674e-01
-2.091346068463002528e-01 -7.891437686988814204e-02 -9.746975106885625850e-01
2.404550875413827560e-01 -9.294176479098666954e-01 2.799360402469764919e-01
1.132153225385929968e-01 8.860637129682610302e-01 -4.495257359744618264e-01
8.983767997461239441e-02 3.695875312615923280e-01 -9.248428233990577674e-01
6.110274006666869262e-01 4.742192508789436767e-01 -6.338466831421663006e-01
4.574717790218980618e-01 6.099671059713203392e-02 -8.871296256437777306e-01
2.903008373427392597e-01 -3.828238856584716410e-01 -8.770241139258680985e-01
-1.129533553576935051e-01 -2.988892380377319857e-01 9.475794230029810361e-01
8.574172382370156067e-03 9.554990962836102941e-01 2.948693957825420098e-01
9.542030592233224917e-01 -2.990769183206051229e-01 7.036952231093723115e-03
-4.492144971918989316e-01 6.281980172992230882e-01 -6.352744183216845197e-01
6.607689695552877440e-01 -7.224982039561996805e-01 2.034225015894479405e-01
-1.066823563230689109e-01 1.276433373662763104e-01 9.860659477313659105e-01
6.351270533467401336e-01 1.992821575956901237e-01 -7.462574942813597900e-01
4.667899168669503163e-01 2.570265910357979466e-01 -8.461941296250300448e-01
8.812562730945162626e-01 -4.487410143210497915e-01 -1.483876113349049120e-01
2.632585332181899829e-01 -4.118460160083813881e-01 -8.723977325657326087e-01
-8.732968022491309767e-01 -4.482015802645773483e-01 -1.909660666971433329e-01
9.876125783690170579e-01 4.012133481639306581e-02 1.516959905200295500e-01
-5.784680982065952826e-01 5.073766144632189251e-02 8.141255118642354294e-01
5.040082004690378259e-01 -8.509395253361398126e-01 1.479109802572724230e-01
-6.382131212067958526e-01 7.678399505309979611e-01 -5.572990479118176271e-02
5.898915606098975584e-01 3.160828212843921348e-01 7.430475064288409870e-01
1.123465625617203062e-01 4.426935786132291661e-01 8.896070173594508024e-01
4.047509366349727467e-01 -1.560876281115925260e-02 9.142937415385808952e-01
-2.700578213426518825e-01 7.444820274443425534e-01 6.105860168264758414e-01
-8.730971505033122693e-01 2.193392978517101632e-01 -4.354212192818757154e-01
-7.646046552169817323e-01 3.692795399138318335e-01 5.282161892838471706e-01
-7.335537238565255080e-01 -2.540290171800609342e-01 6.303714719486888107e-01
-9.479976269030003788e-01 -3.161635690299990364e-01 3.662099130952989334e-02
7.612747329673055230e-01 -1.688809997405614216e-01 6.260511072366106156e-01
2.503943568543465781e-01 -6.840580078346080173e-01 6.851038665580901910e-01
-3.575907469812542039e-02 6.525072299602742154e-01 -7.569383088642717139e-01
-1.569703756413658724e-01 3.058385503144619988e-01 9.390543553557252343e-01
-4.898120016491181450e-01 -5.585984778475824308e-01 6.693668228907438955e-01
-8.312114792066959135e-01 -4.562319542908606085e-01 -3.177103723817631953e-01
2.851913833764067041e-01 2.079519405501670595e-02 9.582449763771609952e-01
5.744219101033873898e-01 6.562397460911350011e-01 -4.892738137724301772e-01
2.491255449126462962e-01 -8.835230965791005531e-01 -3.966401400302979052e-01
8.438806815428083752e-01 -2.706781834687825294e-01 -4.632480073490714556e-01
-3.914147505095475488e-01 -5.582675911656382883e-01 -7.315270259789889984e-01
6.047749160658192347e-01 -7.874521102025265895e-01 1.190230021263502663e-01
1.554719733916085367e-01 5.245986440670463713e-01 8.370332897398617966e-01
-3.530470080658251186e-01 8.933771877266366568e-01 -2.779118755026759868e-01
9.357930902966753450e-01 2.331356531163657764e-01 2.644599391193377946e-01
9.097476133052120328e-01 3.829605208771923452e-01 -1.603138157955815712e-01
6.043391777434575438e-03 -8.014054216604324932e-01 5.980909860122360922e-01
5.795822326603599084e-01 4.690308771857469861e-01 -6.664041355144799672e-01
3.872976078107125408e-01 -8.503328946720195569e-01 -3.562787268737827029e-01
-3.254162993448320162e-01 -5.801257265919781414e-01 7.466983148948738158e-01
4.519555448982557344e-01 -3.703127818701313911e-01 8.115445945968249308e-01
1.062960202960516465e-01 -5.301973088832520054e-01 8.411848606116131277e-01
4.227431598966768789e-01 -3.779017089621397041e-01 8.236980752217811785e-01
8.616196768250019566e-01 -1.907363781007615500e-01 4.703521729268215212e-01
8.242118377972312837e-03 9.999461767497180853e-01 6.301673449571218617e-03
1.216996483262952483e-01 -1.753520598683384613e-01 9.769548867256802049e-01
-5.749251413334303118e-01 6.858762092388933640e-01 4.461332844148941934e-01
7.702209145816298896e-01 6.060886181878986090e-01 -1.985354619309135926e-01
-3.949283487969830753e-01 8.130427367316506171e-01 -4.277769366906032933e-01
-6.630763545897766509e-01 1.515866686199945357e-01 7.330424475298989995e-01
2.282000618088573518e-01 -2.499167111239350425e-01 9.409922259463302519e-01
-8.615113801217367806e-01 -6.111098002433371090e-02 -5.040472101313585584e-01
-7.763997212605620035e-01 3.557408811201071552e-01 5.202421535462227187e-01
-4.601401097806900320e-01 7.058013836093739446e-01 5.386236963466312089e-01
-6.448646272385804012e-01 5.493800854629684594e-01 5.313484113396296227e-01
1.873042043945538915e-01 4.633260724330172664e-01 -8.661674697308352489e-01
5.644258602825693583e-01 -1.961864910178795496e-01 8.018318458295186080e-01
-2.186342244155560499e-02 9.751883805528158700e-01 -2.202943784891443491e-01
3.253556781757469540e-01 8.050894363575198387e-01 4.959583471868689863e-01
2.374208606634907182e-01 -9.672379158526228649e-01 -8.990077340535926331e-02
1.034950883494978741e-01 5.920972661009470395e-01 7.991930894116353601e-01
3.633452106683949800e-01 -6.973631685791579216e-01 -6.177903115083439589e-01
-7.338147230993746772e-01 3.689734255322691947e-01 -5.704161317964027145e-01
2.294462399670049169e-01 -4.554394315990869524e-01 8.601914595656621199e-01
-8.125108039490116507e-01 5.824737078498769538e-01 -2.346429478477691025e-02
4.541918509958866035e-01 -8.119441606295955127e-01 3.666830272980083349e-01
-9.838522217389512603e-01 6.178623954851184680e-02 -1.679799582741446085e-01
7.293135046580166980e-01 -4.103460193697378022e-01 5.474650274774195413e-01
-3.416235116675663264e-01 -7.571374541166883132e-01 -5.568089904532971257e-01
2.349625929296697210e-02 -7.864538766977600126e-01 -6.172019326171154230e-01
6.865631810600466567e-01 5.146693253907608234e-01 5.135625413856900190e-01
5.379765261845100843e-01 -4.589038219676107033e-01 7.070986773131219261e-01
-9.921688181380340366e-01 1.241675496443456345e-01 1.354459042921868014e-02
-1.414485023090300553e-01 8.265856423045025991e-01 -5.447462685788541092e-01
4.219923483917241147e-01 -6.827708071291271885e-01 5.964448699008801924e-01
3.995761611921624379e-01 8.527742786967684729e-01 -3.363256175198987563e-01
6.997782974325307270e-01 9.990618216020254183e-02 7.073394441204313710e-01
-3.529855114403339100e-01 7.345202960113098589e-01 -5.795525545286327462e-01
-4.563783836257352400e-01 -7.813660358150332774e-01 4.256593579775514447e-01
-7.461277746468818473e-01 -6.619307768410349624e-01 -7.170070132931816165e-02
9.897135776189781575e-01 6.461536588651269584e-03 1.429170487435159898e-01
-1.913254897854149428e-01 -9.570556289209335432e-01 2.178051425222266302e-01
2.881928687812313483e-01 -2.531843199849133086e-01 9.234947593232031293e-01
-6.851797726327604199e-01 -5.945504889741515253e-01 4.207593079606392061e-01
3.661451529534761051e-01 6.285833318088862587e-01 6.861637719529611878e-01
6.634333788083992545e-01 3.787492701037447063e-01 6.452946166509929693e-01
-9.782976938424442492e-01 5.200488419136298224e-02 2.005719677392578393e-01
-9.548239856079226984e-01 2.192858088991675169e-01 -2.005614382757540393e-01
-4.289179365796643162e-01 6.233097998488252856e-01 -6.538457746997073938e-01
-5.615697937665851125e-01 8.239869970307376335e-01 -7.539758254229554646e-02
8.521810526656606877e-01 -4.982353711137605945e-01 -1.598404468486614993e-01
-5.786764258474915712e-01 1.407162076781790817e-02 -8.154358243647007454e-01
-4.503919211563436331e-01 8.888750540841200420e-01 8.395388963026467755e-02
-7.574355753894726484e-02 8.420464779551734003e-01 -5.340605232130829494e-01
-6.599817322991527457e-02 -8.386926555893312596e-01 -5.405912231907111787e-01
-3.863357972542686425e-01 7.019667200991950295e-01 -5.983204623218957297e-01
5.579577579282437583e-01 8.128768189841177882e-01 -1.670760830458654367e-01
-3.943549210725038057e-01 5.919277554890596260e-01 -7.029265455988863431e-01
-7.507340925576585500e-01 -4.520587446251074781e-01 4.817065638743164291e-01
-5.085847302981102436e-01 7.344297710209067853e-01 4.493934618413769067e-01
6.690946969688038592e-01 5.398340566021855302e-01 -5.107753692384281452e-01
-7.223281865738212515e-01 -4.735067629104611209e-01 5.040171984754400203e-01
1.121787613470972833e-01 9.133359113487645731e-01 3.914504292287245835e-01
4.593108915128872316e-01 4.722830670248498453e-01 -7.523178912795029927e-01
-9.726807955528710137e-01 5.491456243250922992e-02 2.255581095759586763e-01
-1.272712168896921736e-01 -8.425478761027292984e-01 -5.233690035015419184e-01
-4.938730629588363730e-01 -6.902374177797884203e-01 5.288305066657436049e-01
-5.590265445860664872e-01 6.178201021197469167e-01 5.529806903183042133e-01
-5.355580519229506953e-01 6.522838604528974349e-02 8.419755523020966415e-01
4.818407881937114001e-01 -5.439850356409743348e-01 -6.869568660633290635e-01
5.229857787836657002e-01 -7.214211873120497387e-01 4.539133680420913697e-01
4.218288642404718902e-01 -3.159948297775002080e-01 -8.498280278076749683e-01
2.987011777114616518e-01 -6.565723223088447691e-01 6.925968466660501477e-01
8.940790406133972690e-01 -8.208260078037123847e-03 -4.478340022846840074e-01
7.534588198942230308e-01 -4.307058007199413008e-01 -4.967819641953590271e-01
-5.073288092959379325e-01 7.948262822587131016e-01 3.329694584930555368e-01
-6.532705102511414397e-02 -8.728416957925679842e-01 4.836111562922388862e-01
4.568411039334426826e-01 -2.948155974044719407e-01 8.392734770525742682e-01
-4.336827000486135342e-01 -5.373740030826750225e-01 7.232900500417833722e-01
-8.025938397949795577e-01 5.918471187453694382e-01 -7.456618775259604703e-02
-3.225912368056994134e-02 2.079828472219306668e-01 9.776003703972400150e-01
6.247078455216340531e-01 6.997735369456450361e-01 -3.464925752946236837e-01
-3.212817203263411692e-01 8.663201501567033835e-01 -3.824492824109018141e-01
8.058502722326507106e-01 -2.433717987687617768e-01 -5.397920954465897925e-01
-5.366261651983037506e-01 -1.612806920417677037e-01 -8.282637847926778152e-01
-6.612351299464770404e-01 -4.681228692773118927e-01 5.861988418482608765e-01
-7.123926620706602097e-01 5.396262293300330137e-01 -4.486649391772533635e-01
6.556944453051566368e-01 2.199138563471827665e-02 -7.547060178333204750e-01
6.046074043048142999e-01 -7.470105871011282206e-01 2.764508444888937322e-01
-3.684161271400215321e-01 -8.797006191281161458e-01 3.006599041587629251e-01
4.251701075490136317e-01 -8.570084886845705796e-01 -2.911474368242803479e-01
-5.067116242802008896e-01 -8.122941915449251038e-01 2.888277621727129429e-01
-6.401927414064857436e-01 1.195446193079326667e-02 -7.681213085772284899e-01
-8.955560759711310714e-01 -2.807781612516394021e-01 -3.451708837015924347e-01
5.009307156068975031e-01 5.384655201081146592e-01 6.775863795976561077e-01
-7.378311526800098719e-01 -3.289497346745980377e-01 -5.894041586147822365e-01
-9.498164887455912142e-01 1.770686949451090453e-01 -2.578668551354206251e-01
7.609824124161524983e-01 3.266959109604467004e-01 -5.605136481433943274e-01
5.762182661039113446e-02 -9.440957173102343392e-01 3.245966753596775112e-01
-6.013648809489341440e-01 -7.108260059788791274e-01 3.648104565187088033e-01
8.444628063356972580e-01 -1.027830896281363704e-01 -5.256597808489186230e-01
3.943127867021228306e-01 9.301449959535881828e-02 9.142569272957308257e-01
-8.279160168705178569e-01 4.557090677461596573e-01 -3.269316665347398732e-01
5.978743836460980177e-01 8.007899574819938859e-01 3.580035440864986346e-02
-5.688008436381037924e-01 -6.985008331452717822e-01 4.342374769316237892e-01
4.125746424512028443e-01 -8.545772985869353189e-01 -3.154041932919063873e-01
-7.187396722334301602e-01 4.713335446678207918e-01 5.111340071142291830e-01
-4.100741577375366931e-01 -4.811039483092394153e-01 7.748407423962103691e-01
6.980954256953482151e-01 1.135369718951202006e-01 7.069456362664086058e-01
-7.538796860556491453e-01 5.895674064660795244e-01 2.899580869461940158e-01
-6.773091906395518891e-02 9.962349436811780423e-01 -5.411524361316269460e-02
8.237868545497152306e-01 -4.744880413447483680e-01 3.102197880405287989e-01
-4.695492461821891284e-01 -8.258402782720628554e-01 3.122680582340429667e-01
7.547029735941711559e-01 -6.559969840382580131e-01 9.559214446028098042e-03
4.618263710375746789e-01 -2.349697825208980073e-01 -8.552810089767842738e-01
4.711787164545960249e-01 -3.074731307739597130e-01 8.267108871983354090e-01
-7.546604224790621762e-01 6.420352302878282735e-01 -1.351976694066087947e-01
-7.278823320219586224e-01 -1.925173208474762754e-01 -6.581218670610975430e-01
-2.363443475618202672e-01 -6.521183691896795809e-01 7.203353260398731583e-01
8.807281410391959442e-01 -3.293888088975625017e-01 3.403247774621875887e-01
-8.190554648477466060e-02 -7.030648257176941307e-01 7.063931853391416382e-01
-4.124370916057600867e-01 3.154047237857013353e-01 8.546434962494287024e-01
2.406850204552711536e-01 -3.425496993513752475e-01 9.081466976225416321e-01
5.216133598611590871e-01 -3.880446767048628676e-01 7.598294754057461908e-01
-6.743232364457473205e-01 6.836259549700138827e-01 -2.791840369374102848e-01
-6.814192351093580902e-01 6.217190636779187374e-01 -3.861777205930314039e-01
-8.816228060975334069e-01 1.377187714945160291e-01 4.514141864704213081e-01
6.638849094196053180e-02 8.406213577521078895e-01 5.375391159361816440e-01
-5.821883828557284923e-01 -3.397243368238524464e-01 -7.386772379310365677e-01
-7.180976478134352137e-01 -6.322277033538440394e-01 -2.909018723156236441e-01
-2.382473652212572235e-01 9.693774165768730411e-01 5.954508540489685670e-02
-2.881286844701421712e-01 -8.471052453727194731e-01 4.465361849251751614e-01
-2.549688888297709233e-01 -9.604575891071858162e-01 -1.118574327227489507e-01
-4.742828952774319484e-01 4.919268201426019727e-01 -7.301121412986121273e-01
6.273508562658789423e-01 7.688005766665542140e-01 -1.240023244122556434e-01
6.486342913142618682e-01 3.576405598846200129e-01 6.718383630432701592e-01
6.569865816535869207e-02 -5.658403182424117661e-01 8.218931929190054220e-01
8.645502990453551861e-01 -5.022510949480507580e-01 -1.722260270897117349e-02
5.764022375945653254e-01 -6.686727576642103044e-01 -4.697203462207261704e-01
5.448675047309805564e-01 6.090620332954096439e-01 -5.763357024220312486e-01
7.513969685717055702e-01 -6.591888473510375546e-01 2.954080481743411729e-02
9.984401412183508961e-01 -4.591769967865432650e-02 3.176238750629947066e-02
2.194315555298555487e-01 5.430346459161479178e-01 8.105326432491610777e-01
9.510136377437188315e-01 -2.772029310538368652e-01 1.368634203891614942e-01
-6.239276219064899820e-01 7.660205191734599239e-01 1.546831821088999748e-01
4.878642890260831422e-01 5.643545174357809113e-01 6.659522611590872332e-01
1.290404918812647628e-01 -4.827329548747826271e-01 -8.662086617743454120e-01
4.789312220378998952e-01 -5.704354244666298701e-01 6.672543076450383470e-01
-9.555546970178685484e-01 -2.748603062885512927e-01 -1.066162887839065959e-01
-3.962564752268838419e-01 4.790775135244234040e-01 7.832404112889107539e-01
9.909773425521199997e-01 1.125085668486680152e-01 7.284043474607289348e-02
5.968739239838243282e-01 5.990178831761149292e-01 -5.337781322828413222e-01
-8.268096949840194609e-01 1.819381072377670161e-01 5.322445428702594628e-01
-9.249937508044924206e-01 -3.628609961709877707e-01 1.127761430021209932e-01
-6.005549361762461125e-01 5.661602671131999998e-01 -5.646205102337807924e-01
4.463199626326758845e-02 -8.466091116885223755e-01 5.303404537799532026e-01
-5.799802143434817925e-01 -7.839145175797268550e-01 2.215874096103682411e-01
-7.208165348265729300e-01 1.284822307541303443e-01 -6.811136759022345943e-01
-9.339990486610074694e-01 9.238249415152492705e-02 3.451249800792118849e-01
7.978787062296253119e-01 2.207946682850764619e-01 5.609271651491147814e-01
7.905950746544219143e-01 1.897891288198243487e-01 -5.821851204848685901e-01
-7.135710810112270153e-01 -6.829914228643461094e-01 1.560097068717351820e-01
7.450477837586175767e-01 4.506787950527990638e-01 -4.917239302760539332e-01
1.492820716136033510e-01 8.793123903810426967e-01 -4.522439421563630990e-01
-2.571345181990956630e-01 4.089284166141448629e-01 8.755908802836901428e-01
-5.593010655340223403e-02 -5.847068346546535622e-01 -8.093143645636475814e-01
6.494177035177541857e-01 -2.759469435671814130e-01 7.085971568484148442e-01
8.099930986497733132e-01 -3.242102072436077176e-01 4.886705655743914800e-01
2.784035833681664518e-01 2.721235828831712264e-02 -9.600786073672056276e-01
-8.989946236090454734e-01 -4.022074304027656311e-01 1.733143088461969183e-01
-8.949724875011539904e-01 -2.674601319900684615e-01 -3.570564723007441099e-01
-6.859070189544558271e-01 -3.101846835457540072e-02 -7.270277958716213629e-01
5.718743567785555815e-01 3.871482787699110500e-02 -8.194271670878189306e-01
5.258779823082923022e-01 -1.077739915581352355e-02 8.504917374030130928e-01
-3.453325886324628557e-01 9.379033707731152525e-01 -3.290395600578157470e-02
2.645879197499063640e-01 9.596341125159671970e-01 -9.537086986134267474e-02
-9.833414309741900228e-01 1.217656113187059880e-01 -1.349546813927321731e-01
1.417120884054365038e-01 -8.377989039448825448e-01 5.272671813687280773e-01
8.355945592163991353e-01 -4.138737480355869636e-01 3.612343467818741050e-01
9.891952739561197250e-01 -6.830850045107378365e-02 1.297176115606622215e-01
8.330443573101808941e-01 4.666225943815451860e-01 2.971539216741108658e-01
-4.819272292669731783e-01 -7.237936868015222291e-01 -4.938307854288938592e-01
6.911812722108817697e-01 7.223949563399300056e-01 2.034640016262100753e-02
2.375324726393492070e-01 7.697647528089350821e-01 -5.924867507167025371e-01
9.716030364240662021e-01 1.499184014349080885e-01 -1.830628649473630964e-01
5.715314016260517743e-02 8.094757131377431358e-01 5.843651156680180758e-01
3.900856105737765533e-01 2.114094751199375732e-01 -8.961803670315461323e-01
-7.024725030618031996e-01 -7.110554402817795827e-01 -3.053757173989804855e-02
9.039543381508090281e-02 9.786387427439732223e-01 1.846479806168447313e-01
6.859649432538302838e-01 5.654640743960190896e-01 4.579328304393808780e-01
-8.309810229228562495e-01 -5.558200456679279755e-01 2.312177276477771562e-02
-6.794704334385625044e-01 -7.289971166469002561e-01 8.296465514493517324e-02
7.951875635635646811e-01 5.861727857979944778e-01 -1.551715307124999221e-01
-5.011502949445167943e-01 8.183525937194513489e-01 2.813315023769474843e-01
-7.584699684953338794e-02 8.559977703568207863e-01 5.113854223705034396e-01
-3.414233404913449843e-01 -6.155021194928422465e-03 9.398894713112926347e-01
-7.615206901424102781e-02 2.851504271791476808e-01 -9.554528226262142265e-01
3.291400439334762340e-01 6.449647789862543723e-01 -6.897008520704328571e-01
6.287277084495949131e-01 7.271673126105112628e-01 2.755524779393723200e-01
7.184031128402166289e-01 5.898620361859527872e-01 -3.687271968922943288e-01
5.190437138425640917e-01 7.755100361529883024e-01 -3.594131424231856164e-01
-7.681841147930645874e-01 -6.347971341430728165e-01 -8.322117677212449716e-02
-6.408508260211075447e-01 4.863484552672915351e-01 5.939489867380729482e-01
9.579437353993162096e-01 -2.290922657691863706e-01 1.728020068574016577e-01
1.955219892527195191e-01 6.479060480947916867e-01 7.361989571853854164e-01
-5.084277178116957119e-01 -8.136310083692671613e-01 -2.819677959994726368e-01
-7.094652209540833754e-01 2.518729204345031558e-01 6.581938409073485596e-01
-6.032038073574700343e-01 -6.110558158070138468e-01 5.125972656558724916e-01
-7.478340469079577391e-01 4.920232694814800634e-01 4.457099287361919737e-01
-1.389531106400805072e-01 -9.375126816927297213e-01 -3.190015747747212971e-01
-6.037139007186146378e-01 -7.168436343141602052e-01 3.488047161699240339e-01
7.791669187590725965e-02 8.895364875906941471e-01 4.501708857444312040e-01
5.800795171364655500e-01 5.130375559376137984e-02 -8.129426046534283801e-01
-2.487388056345965492e-01 9.551810245042534619e-01 -1.604936665369676441e-01
-6.267558412825151581e-01 -7.204754174257935739e-01 2.968034506257887228e-01
4.721338525897892380e-01 -1.839428267881602561e-02 8.813349395113386775e-01
-9.951684634152097031e-01 1.457710341320348456e-02 -9.709396211861694159e-02
-3.035905300102496596e-01 -9.480580735513390866e-01 -9.496672713229399598e-02
-6.870194676687336743e-01 -8.117094541667807875e-03 7.265936717453376215e-01
-4.306270529986740980e-01 -4.386104928712181716e-01 7.887846200129311480e-01
5.807489906645918465e-01 1.095593932662643349e-01 8.066767315283028816e-01
-4.568427045914765228e-01 -6.679316143030482600e-01 -5.875049802989493752e-01
2.455394895949401801e-01 7.791789922442029503e-01 -5.767065606482767448e-01
-6.550728608453666724e-02 -8.456327149938716037e-01 -5.297302207746242830e-01
5.515803228429303484e-01 -7.685349388632933820e-01 3.242116518555162585e-01
1.397146291629994264e-01 5.369925948644894698e-01 8.319367616943897925e-01
-2.305191290969493267e-01 9.103038980561309890e-01 -3.438135312988671588e-01
4.206651744395656922e-01 -6.473862823368472519e-01 -6.355563015625018686e-01
6.216772958816068062e-01 7.492056909552012867e-01 -2.284910773436733822e-01
-7.042377201330800585e-01 -6.972854393175293986e-01 -1.335748840820071559e-01
6.208768559240929186e-02 5.528215926605930530e-01 -8.309833969376184681e-01
-7.051998167614634827e-01 -5.842211365860435768e-01 -4.017199049159871915e-01
5.835494713478408535e-01 -4.249713227184303554e-01 6.920038940328320232e-01
6.950893688986401475e-01 3.750414875655768143e-01 -6.133470892151436926e-01
-2.484763964521424784e-01 9.629109333456912223e-01 -1.051761134929767999e-01
1.272877510286124850e-02 6.558690771031729094e-02 -9.977656717994357605e-01
9.530734298243253022e-01 1.429593257075756629e-01 2.668588925933182421e-01
-6.183763030756302959e-01 5.882486381990027491e-01 5.211278993217834943e-01
-4.550985350180172251e-01 -1.691417915836022634e-01 -8.742290190587040932e-01
6.518848621111197894e-02 2.237770391611571819e-01 9.724578643878457607e-01
8.349888156823724872e-01 -1.282383757720452488e-01 5.351154984344004273e-01
1.188921652341814739e-01 8.122418975661910290e-01 -5.710759606952485745e-01
7.095573636340457568e-02 5.514475108022304228e-01 -8.311864570041738176e-01
-3.388874497307121092e-01 -7.899510132257647754e-01 5.110114412795485617e-01
-5.030808061357503469e-01 -7.266102218653346378e-01 4.679180355346571063e-01
-8.146641431297724223e-01 -4.797174409483894175e-01 -3.258734581836363331e-01
-3.417994015280355624e-01 -5.154187067902699093e-01 7.858223245783504396e-01
-3.157703816170871758e-02 3.074825285179293988e-01 9.510296448151102089e-01
-6.430424024036133224e-01 -6.525874212406775898e-01 -4.007818937395153380e-01
6.061592537637531253e-01 -1.757092434405176928e-01 -7.756914469337217177e-01
-8.045425387813273099e-01 5.237507176065339110e-01 -2.799937304618391187e-01
5.011807189583693534e-01 -5.262627353179152312e-01 6.869246103904547152e-01
4.736739129530304626e-01 8.424000731548956233e-01 2.568951944595142534e-01
5.738277642346112373e-01 5.798245066424992933e-01 -5.783815682491011412e-01
4.163730820975070634e-01 9.632131227097923132e-02 9.040772429980854508e-01
-3.211688830115933535e-01 -9.445438860973462969e-01 6.846455886959809667e-02
1.253169744097667737e-01 7.098691331328966792e-01 -6.930955704301763332e-01
-2.576548710429068523e-01 6.779847392637740056e-01 -6.884407460001880086e-01
4.247141789064942108e-01 2.117707926805324423e-02 9.050797741356598758e-01
-9.218195871221686044e-01 3.443418884207042896e-01 1.779812143929178081e-01
2.009343640145717091e-01 1.738466545386002093e-01 -9.640553521783882251e-01
5.959305243202848296e-02 9.837754861809491214e-01 -1.692172003410732095e-01
-7.556806764416477140e-01 -3.171725193123532960e-01 -5.730168481342835518e-01
2.565664262396222250e-01 -6.931209985198234780e-02 9.640381225557095313e-01
-7.324990455109610388e-02 -9.579323964802705094e-01 2.774886939261153040e-01
-4.876938824327690103e-01 -2.467091885473785828e-01 8.374301483251882505e-01
1.452566852683315479e-01 6.773359744632202473e-01 7.211910101234046966e-01
-8.079162024838505429e-01 -4.694733487827195545e-02 -5.874243419470298599e-01
8.090889860630047503e-02 6.837144962523803438e-01 -7.252504655225456842e-01
8.058512795645520477e-01 3.975657658305425945e-01 -4.387997003915891092e-01
-6.634315654423753594e-01 7.411322039498150493e-01 1.028669735297437493e-01
-4.086316284297629164e-01 1.693348358647418783e-01 -8.968533356182051275e-01
-6.641941093729433199e-01 2.562934934586517943e-02 7.471206873901902190e-01
2.142013673557227882e-01 8.071462610753316058e-01 5.501206117344188407e-01
-3.360111907218667482e-01 -4.352035189681838223e-01 -8.352810166568991335e-01
5.724858158451765489e-01 -7.927095934011918477e-01 -2.094552247756058805e-01
6.789204547182284832e-01 -4.081329808404700610e-01 6.103232636197529759e-01
7.073070580071291191e-01 -2.053240942649122713e-01 -6.764308848711693134e-01
1.910696548522057003e-01 -8.845622263108373629e-01 4.254903697837047472e-01
8.670923089942058626e-01 1.970574272282654138e-01 4.575142599496474505e-01
1.808508265012914173e-01 2.088421663565049602e-01 9.610816448696342107e-01
1.189459855848306186e-01 -4.867709862394302145e-01 8.653934708956071420e-01
1.624303531948239621e-01 8.291340989116461335e-01 5.349327307082426541e-01
4.253171653426944809e-01 -8.449240836475320204e-01 -3.243587546794958754e-01
-2.578426705440397537e-01 7.662296947003070791e-02 -9.631438510400782693e-01
-7.301566001520448657e-01 6.451489601344220226e-01 2.250647873210752936e-01
-8.515138457261089977e-01 5.206415324544064749e-01 -6.210124974796945446e-02
8.518700578784201838e-01 -3.300779920406043400e-01 4.066520916713204925e-01
-5.133172920721201793e-01 2.475906297689668967e-01 -8.217081219693230798e-01
1.482878409314865309e-01 -5.647177879225471209e-01 -8.118525335525801356e-01
-2.638140731560259522e-01 5.871448453409929824e-01 7.652862636911290650e-01
-5.068750226426930183e-01 -8.223917538584955000e-01 2.583592742800562836e-01
2.435812370645832337e-01 7.039283003282803541e-01 6.671979683325075516e-01
8.165491970928510923e-02 2.343291207822048861e-01 -9.687220123651103521e-01
-8.182601874511580275e-01 -4.686971807828249625e-01 -3.328261082887392086e-01
4.144601597608896792e-01 8.679466937423451212e-01 2.736627720255528917e-01
-2.824714866809641678e-01 -8.225518904433535283e-01 -4.935769917047504451e-01
-8.309850684624472406e-01 -3.906664066533085955e-02 5.549212679106719781e-01
-1.459503281397571128e-01 -2.794688067204290638e-01 9.489972011476939251e-01
-8.927809317329169492e-01 -2.559158588313939497e-01 3.707415287402998083e-01
4.357852003671715546e-01 1.635324799518150241e-01 8.850697075043034712e-01
-1.017354174139024486e-01 1.846144758429587862e-01 9.775312783501348690e-01
3.938668417785287645e-01 -8.068445995754941480e-01 4.403075096830256219e-01
7.642364676408190949e-01 -6.431633456423061501e-01 4.778631969589863804e-02
9.001409376259850159e-01 4.008878770729992214e-01 -1.703971901931379263e-01
-6.952443502026768307e-01 4.192963387783679163e-01 5.838029408955675015e-01
7.138460650088049864e-01 -7.002350273776444256e-01 9.731490372727817986e-03
-4.967055214597063673e-01 -1.766910429167117269e-01 -8.497434320454885226e-01
-8.058463443382111180e-01 -2.571094848556100820e-01 -5.333913967379151355e-01
-6.319037592407364956e-01 5.996897767349672614e-01 4.909886055062688270e-01
4.780064214010087409e-01 5.225237980748261846e-01 7.060302695670062079e-01
9.834785275981957620e-01 -1.718960601877402017e-01 -5.676028757166197425e-02
7.197952221528172191e-03 -5.041948844706894972e-01 -8.635599040931698500e-01
-9.606318117673050549e-01 2.771678350956005010e-01 1.909223426115827515e-02
-1.866892987615469957e-01 -2.953873430140596668e-01 9.369596700579039261e-01
4.534052844486752970e-02 9.215020806481181159e-01 3.857177100439249662e-01
5.835934610027565528e-01 -8.095312839178689934e-01 6.385743991980082079e-02
-9.945515798949468023e-01 1.152416038666347585e-02 -1.036067017902209814e-01
1.292008667738497041e-01 9.159544503327931020e-01 -3.799139125386652993e-01
-3.737548566932488714e-01 1.548524364899341310e-01 -9.145097211136358206e-01
-7.409557171879994630e-01 4.180172784139282727e-01 -5.255912671590251550e-01
-1.400801118031370640e-01 -8.598851219342180663e-01 -4.908921870975290203e-01
-6.539217925983055180e-01 1.254407006538001967e-01 7.460904233298417676e-01
2.930264874426820043e-01 -9.540903024378556418e-01 -6.202557900612396674e-02
3.252969878051392150e-01 -8.907123288898980418e-01 3.175112862378865475e-01
-1.161291986419604478e-03 -9.901973165469705185e-01 1.396707761276535786e-01
-2.212909376860540678e-01 -9.375525188398864396e-01 -2.683758471155915371e-01
2.514684784591597055e-01 4.402611383096464159e-01 8.619360384829779509e-01
3.334805057643629861e-02 9.994404046566512934e-01 2.604815252689565794e-03
-3.790180748622429818e-01 4.797861133939380629e-01 7.912967738605145573e-01
9.778123754203460472e-01 1.038045181361020447e-01 -1.819548858628200205e-01
-3.236187208805699211e-01 9.433894344262815368e-01 7.271381236384373559e-02
-1.638330185831422536e-01 -5.091599481821681428e-01 -8.449348431619254640e-01
3.673175344819569199e-01 8.161892353895667807e-01 4.459965929200477852e-01
1.678587277432400104e-01 5.170535677886320958e-01 8.393325059578399250e-01
3.132712281719762237e-01 -8.522160113540039328e-01 4.190334206140291506e-01
-4.668385050409603054e-01 8.500283925047773526e-01 -2.439539754684586781e-01
1.647925357490277742e-01 -8.685239297932983993e-01 -4.674501080733762803e-01
-4.121252038749452784e-01 2.499329553837018880e-01 -8.761771134560656371e-01
-2.091161911202725834e-02 -7.188614367259485993e-01 -6.948387863198330905e-01
-3.175922517164802561e-01 -9.066546304873919215e-01 2.776914522728900492e-01
-8.631717921682284800e-01 -1.131654569344622829e-01 4.920650735033966217e-01
-4.063068360097375487e-01 4.785947422003132279e-01 7.783712660099754155e-01
-2.518179652133601953e-01 -1.838766010306582266e-01 9.501458351164915328e-01
-5.643041436273781297e-01 7.973537898591868123e-01 -2.139807638133933987e-01
5.091533838423669689e-01 7.339482141452652320e-01 4.495362618019188017e-01
-2.581074905229691074e-02 -2.136317504819455204e-01 -9.765732335157353283e-01
6.143723666279676809e-01 -4.617447753775730801e-01 6.397955591714159507e-01
4.465063746651016241e-01 -6.246476695580988753e-02 8.925974514150174510e-01
-3.195517417299815754e-01 5.531051794045193093e-01 7.693902422524148133e-01
6.958792627058234537e-01 -4.644415028245141852e-01 5.477646777495845942e-01
-4.455321364017962305e-01 6.225696214073696277e-02 -8.930986429831019313e-01
-2.503456317397050879e-01 3.519226445829964356e-01 9.019298846909097334e-01
4.084170641350524100e-01 -8.851009298679213266e-01 -2.231408650835736140e-01
3.435295728882269140e-02 -9.825731503770626096e-01 -1.826742414343264787e-01
9.826615451830532644e-01 1.529346908238135017e-01 -1.048201696291258811e-01
4.556876567138469780e-01 -6.281307704691087013e-01 6.307142734301538489e-01
-8.764640323394795596e-01 -8.156655713174670863e-02 4.745078469033923163e-01
-5.843889115168671156e-01 -8.089007714427860485e-01 6.456889386846442758e-02
-8.103752425752017707e-01 -5.127162643203204695e-01 -2.835736209921473350e-01
1.528694897065841218e-01 8.123027577638781693e-01 -5.628455817060721289e-01
-3.467782624728592000e-01 -6.543488009270915784e-01 6.719914310477345110e-01
4.789361118919922555e-01 -8.089260081152791493e-01 -3.409676144745432125e-01
5.359414747156683312e-01 -7.316790744932378798e-01 -4.212035940353707208e-01
7.222480644903345182e-01 -6.796435628229932080e-01 1.282277694309367500e-01
9.453680525744464491e-01 7.940292313886188058e-02 3.161873194304330448e-01
-8.291087319345158413e-01 -3.630740066113676279e-01 4.251540619035737434e-01
4.586565682187973558e-01 4.332017849746571669e-01 7.758674925040529580e-01
5.928529379812335076e-01 5.250012634392255961e-01 6.106546219543717013e-01
3.085462147301147873e-01 -5.531294059405653801e-02 -9.495997640998844469e-01
5.962792574888189923e-02 9.591408480337453302e-01 -2.765743012356601804e-01
-4.039384817640332970e-01 3.733114907699306984e-01 8.351480310755092784e-01
-7.798611939956727745e-01 6.052479849631856590e-01 1.596602480194957707e-01
4.211274945019767568e-02 7.026816981530376038e-01 -7.102569587230441739e-01
5.361740731152154771e-01 3.430865898733460595e-01 -7.712385851136585035e-01
4.052451027662947736e-01 -2.484553482639010324e-01 8.797990376233647547e-01
5.755678952223467482e-01 6.609658675628345970e-01 4.815036032120912912e-01
-3.483456760865888402e-01 4.775083478121364688e-01 -8.066232501741448235e-01
-6.453973210573181740e-01 -8.645413616911019894e-02 -7.589387197338728352e-01
-9.122033946706182839e-01 4.074361076196140186e-01 4.336801769943685048e-02
-3.334752751063718712e-02 -8.997549894260802317e-01 4.351194105206079299e-01
3.903246682336538598e-01 8.044443338794211584e-01 4.477900926299983042e-01
-5.264152645153121618e-02 6.103527254248004574e-01 -7.903786562524136583e-01
-3.878174222898988499e-01 7.598658371830251390e-01 -5.217293900582548050e-01
-7.981160127474387078e-01 5.128858782163421282e-01 3.161627842146855216e-01
3.023454386427596938e-02 9.722154574906397562e-01 2.321270698854085435e-01
-6.419554649843335348e-01 -4.096157017646417375e-01 6.481575100580168058e-01
-7.547679904021848962e-01 9.449415949645646740e-02 -6.491503173266617299e-01
-5.730706271110639349e-01 -6.575220786862018274e-01 -4.891367624526989366e-01
-9.602870285420538332e-01 -1.009043624312488119e-01 -2.601290688412502550e-01
-6.420022271960071913e-01 -2.776312259625005607e-01 7.146705833080898573e-01
-6.099139046270335429e-01 -7.624119191837392950e-01 -2.161783856660355607e-01
-1.617172151613113507e-01 9.244717883559286919e-01 3.452527405459097642e-01
-1.290002616726620976e-01 9.493293676938338033e-01 -2.865880041495285080e-01
-6.402020678482619465e-01 -7.160586142703437851e-01 2.782110228801952800e-01
-2.911758392118577246e-02 -9.800798484385856435e-01 -1.964577740665709171e-01
4.622920120539387168e-01 -7.798318975957790888e-01 -4.220761863494403854e-01
-3.711868171678747719e-01 4.768507202822815372e-01 -7.967645432165338937e-01
7.228135494685802853e-02 1.049117612118747878e-01 -9.918512630865924384e-01
-9.647953369005249913e-01 -1.821055641794896984e-01 -1.897564791775822324e-01
7.321637353030755468e-01 6.605377713380425897e-01 1.662110626366963551e-01
-8.389142444775086194e-01 5.079419308018638946e-01 -1.954939521980295636e-01
7.535892810517242912e-01 -5.675722095669327727e-01 3.316096838321451190e-01
5.392372593152494620e-01 6.150895318603978312e-01 -5.752286901415255560e-01
-4.885899182648054118e-01 8.141687148439381572e-01 -3.137023996391498648e-01
2.347072105224942140e-01 -1.071958126333874273e-01 -9.661374555841508727e-01
-7.186628134078728580e-01 4.828454816822133622e-01 -5.003838540997825879e-01
-1.263120801493178291e-01 8.933597349302969670e-01 -4.312234251680001074e-01
5.923895665280308753e-01 -7.979617725542916817e-01 -1.110477870591958793e-01
-8.632346096365943744e-01 4.081933773166166457e-01 -2.969918777347468342e-01
-9.933221421769933279e-01 8.095750465503542825e-02 8.220099939136203682e-02
-9.307830949944735366e-01 9.297896529433105628e-02 -3.535501974052689400e-01
9.599115335238210811e-01 1.708978722290946661e-01 2.221795784394104689e-01
2.472191058649310935e-01 -9.826916219609999059e-02 -9.639636328496115070e-01
6.139580590794868620e-01 5.588166148533866284e-01 5.574760018647897386e-01
4.170263082522704390e-01 -7.637818698699543052e-02 9.056795408852194029e-01
5.342580125890281639e-01 7.713213901391774430e-01 -3.458781419780508903e-01
-5.293885183190770727e-01 -8.483293229122564894e-01 9.228031164056288774e-03
-3.700822743502032441e-01 8.918949326827304569e-01 2.599279501451285945e-01
-5.989148856656053566e-01 -3.945360619455828138e-02 7.998402169723648480e-01
3.168385972894028901e-01 9.016927227792540522e-01 -2.942168196324251861e-01
-8.121858008470362877e-01 4.543286552345008472e-02 -5.816270967147131321e-01
-4.878365439948891824e-01 6.306696875897993548e-01 -6.035488807863930161e-01
-4.876762797700502916e-01 -5.022525513676333597e-01 -7.140827828720884840e-01
7.700556940220810720e-01 6.114200345264985126e-01 -1.821531484322638506e-01
7.996302246247293244e-01 -5.309015226862676684e-01 -2.805977139536373621e-01
-9.446949128910595572e-01 -1.272464412308190462e-01 3.022579440673892059e-01
-8.588534650284064265e-01 -4.685855133951427609e-01 2.068776020861375908e-01
-4.374026847473798663e-01 -2.744332761164802736e-01 8.563674843989348417e-01
-4.988781432678345285e-01 -6.743292021940912040e-01 -5.444269696092564059e-01
8.352686052483374590e-01 5.483498266071772376e-01 4.048240045224285599e-02
-3.115599269160886364e-01 2.770112688268753787e-01 9.089527869383349223e-01
2.705437647944218260e-01 -6.840841940317565761e-01 -6.773735208928546303e-01
7.582192617632007581e-01 -5.188138699486698480e-01 3.948869704613606202e-01
9.437499501244814293e-02 -6.933679806682849778e-01 -7.143767939262760658e-01
-4.340433008555326655e-01 5.398121067612199342e-01 -7.212553655789651907e-01
-5.623098927008294279e-01 -7.321509617958457117e-01 -3.843989512371225881e-01
-9.763885323495482549e-01 -9.024434958284269226e-02 -1.962686711237043025e-01
7.795779817706879333e-01 -5.177728452886545263e-01 3.523768593708045960e-01
9.129204303180873392e-01 3.981301049478104259e-01 8.982598422551986428e-02
7.065868696042192365e-01 -6.608599294688670689e-01 2.529805315144109668e-01
9.715835637528078550e-01 1.848172250330539779e-01 1.478782336129120245e-01
-8.758142224643895579e-01 -3.087259848536044737e-01 -3.709955714092404433e-01
9.157343073481453155e-01 -1.414798954521269969e-01 -3.760506847865960900e-01
-8.673367271157748082e-01 2.896985973858178243e-01 4.047242573268691190e-01
-6.738154373360405458e-01 7.332313339825776710e-01 9.134860302035235913e-02
-8.854863600405571411e-01 -4.582731715654647653e-01 7.680889535369679610e-02
6.808058249999932032e-01 -6.716812901427920979e-01 2.921432407539031884e-01
-1.732692996504190119e-01 -6.940021926117541096e-01 6.988123542473554384e-01
2.565162263788503538e-01 -2.414912137396371672e-01 9.358853665331622329e-01
7.865763568476359657e-02 8.758854819593580032e-01 4.760647002680478135e-01
-8.657534115132459185e-01 -4.993587347352325678e-01 3.334493210075176184e-02
8.749727661728048389e-01 -4.699791834966837167e-01 -1.163710682932002638e-01
-5.676830132374393045e-01 7.620056672687999244e-01 3.115820269718587721e-01
2.667600455469364418e-01 7.170230414747054137e-01 6.439852763023076188e-01
1.076387656521833325e-01 -4.896715566929110142e-01 -8.652373447180927712e-01
-8.377425471332335949e-01 9.669791916844715229e-02 5.374355190636496138e-01
1.975753475805925030e-01 -6.466931612279646080e-01 7.367169994301676628e-01
-6.813826940016223244e-01 3.938446538409118292e-01 -6.169311249694117150e-01
1.690997483887938246e-01 -5.166946104747777158e-01 -8.393044469089654402e-01
-5.686174743292942146e-01 -3.806933843445068355e-01 7.292096509260557191e-01
-9.504841232148423247e-01 -6.351534214544666580e-03 3.107082064085751050e-01
4.402013925293775665e-01 7.571001827472504386e-01 -4.827235723468212281e-01
-4.443935974929509314e-01 -8.935853979311749740e-01 -6.339926743627642691e-02
5.828727370330538671e-01 4.505253769603106417e-01 -6.762294411946039308e-01
8.225541588291009898e-01 -5.248391927807639634e-01 2.189714079832936755e-01
2.591282978309364382e-01 -2.334661234082008596e-01 -9.372012027755769470e-01
-6.225025826525844019e-01 -7.306786156602554927e-01 2.803556584192212764e-01
-1.239529501391334887e-01 9.910412114664388650e-01 -4.972909939802461210e-02
4.483320266637014773e-01 -2.148298740096735437e-01 -8.676672859458317566e-01
-6.259483630242613783e-01 7.423693496250253210e-01 -2.389066670575862028e-01
3.276630560468075243e-02 -9.078699355806638671e-01 -4.179695554532432689e-01
8.652478100967808672e-01 -2.040007948848282238e-01 -4.579627744796331834e-01
2.849270774863421618e-01 4.103930681276556913e-01 -8.662529019563867116e-01
4.029562989478616131e-01 -6.810474994858639608e-01 6.113922837117702347e-01
1.688167709995397059e-01 -2.877344024507575912e-02 -9.852273783070343294e-01
9.266902533374229423e-01 3.734545425837667576e-01 4.215304251145414460e-02
-6.793312849233729134e-01 7.205952332747684874e-01 -1.387498292108536591e-01
8.828822270496787805e-01 -1.777675577599669987e-01 4.346466019283442006e-01
-7.072749765896398921e-01 -3.196427316434262145e-01 6.305478820816488028e-01
-5.070447748187419945e-01 9.920513067855944722e-02 -8.561915313620319656e-01
-8.984405345963372702e-02 -7.773796162747396155e-01 -6.225825071895940699e-01
8.740066189341393343e-01 -4.858357120382958971e-01 -8.723013673965791109e-03
-2.407034316854815281e-01 8.114971119069143146e-01 5.324793848982041222e-01
3.079894684736544375e-01 -8.689370420189640454e-01 3.874156738138621603e-01
-8.528055518573235405e-01 5.117355920322881335e-01 -1.041603310703707458e-01
4.695754546011228214e-01 -3.204295255953580335e-01 8.226930238934099249e-01
5.292572096252001757e-01 -3.494154616027395077e-02 8.477416436696243451e-01
-2.849928029901411808e-01 -3.179942040296443451e-01 9.042448719497255816e-01
7.674951618842963397e-01 6.309182319321119392e-01 -1.135489370265322928e-01
2.148120771356944736e-01 -9.080468836151547318e-01 -3.595923089742799617e-01
9.233136093749660933e-01 3.611265376468484889e-01 -1.306889534359036986e-01
6.531790308872267303e-01 7.485104384813996425e-01 -1.144083785987993207e-01
5.602511805344467799e-01 6.878793423104697657e-01 -4.614549004315312009e-01
2.316700630487563417e-01 -6.288402692733794375e-01 -7.422189014213859126e-01
-1.279853421001713731e-01 9.857749295468504203e-01 -1.089382416069044623e-01
-6.847926610507810707e-01 5.804367587520127270e-01 4.406270310142670343e-01
1.496871993880927731e-01 6.246051966407790978e-02 9.867585448439972762e-01
-9.986111303847019505e-01 -4.967610626115311762e-02 -1.755262768130198825e-02
-2.988175375128637179e-01 7.869955896681914975e-01 -5.397647831394373208e-01
2.791828560330714692e-01 -4.673922090886553984e-03 -9.602265812554375835e-01
-8.121722332213392459e-01 3.828753464184384558e-01 -4.402076018076281905e-01
1.767592012199827034e-01 9.763965864023181895e-01 1.241204690853766196e-01
-6.806246261459999447e-01 -7.317422431249854808e-01 3.610274103212328389e-02
2.918640326435914534e-01 -2.932484305861414176e-01 -9.103959272798761715e-01
5.855851710303126012e-01 -8.014077641538712715e-01 1.218014902342846317e-01
-7.388947576053719324e-01 2.395660396858470542e-01 6.297957207004012403e-01
2.752771519914605225e-01 -9.406990452958522431e-01 -1.982619372722421169e-01
8.243485644827304171e-01 -3.196949652343490378e-01 4.671665371567936820e-01
6.193369502206960142e-01 -7.809676745801865660e-01 8.069221370208613797e-02
8.740341435389321623e-01 -4.823279126950705264e-01 -5.851581464340625122e-02
2.438095355051968227e-01 8.106614413489586779e-01 -5.323391192715120068e-01
4.418245036149574534e-01 -1.991304013227744030e-01 -8.747217793529706853e-01
8.844539752482007966e-01 -3.287386113612191241e-01 -3.311677687637372136e-01
-2.849264221337953207e-01 -9.580146429482393478e-01 -3.201371373007984994e-02
-3.185290005388703993e-01 7.050413987413108874e-01 -6.336054780986383195e-01
7.631029323887085214e-01 4.932989471972282214e-01 -4.175285179168728433e-01
-4.945667952490407915e-01 7.092558587719126617e-01 5.023542692511032692e-01
-7.445295028769783885e-01 6.231329401775934640e-01 -2.395436457336896363e-01
-3.628111420554967492e-01 7.030951106205445278e-01 6.115761118796828599e-01
9.993690216956412353e-01 -1.895544160681917473e-02 -3.003747174093562150e-02
2.427756898315110712e-01 -4.448852965035640650e-01 8.620539643095261884e-01
-1.767887915786212349e-01 -7.257023610177257833e-01 6.649073667703414570e-01
-8.764684948888321614e-01 -4.684826048537068383e-02 4.791745172239442740e-01
2.249530167031605632e-01 -9.600975020707985808e-01 -1.661593415777775085e-01
-1.639178609152848742e-01 -4.877872387050136149e-01 8.574348631992376735e-01
-1.182195489821346798e-02 5.431984368716753497e-01 -8.395211132321528380e-01
-2.221558081921546635e-01 7.055318547388974570e-01 -6.729573529096638529e-01
3.207607244829092652e-01 -6.441452476489386569e-01 -6.943986301545292950e-01
-2.070992781326140564e-01 1.426976267880859794e-01 -9.678570536530682888e-01
7.708435996725491179e-01 -5.572712860929177614e-01 3.086241379740288227e-01
4.870964045292786038e-01 -8.268826223048036939e-01 -2.810733385168020515e-01
1.504766351991007056e-01 9.547511941547146552e-01 -2.565286329424125156e-01
6.877427681004458782e-01 -6.918261540224432959e-01 2.199692195195743494e-01
7.820295574785481874e-01 -2.676986751794765973e-01 -5.628207445866394432e-01
-5.300979879048844934e-01 8.467684137222150076e-01 -4.449018702541613496e-02
8.349038720635026944e-01 -2.600038844265643509e-02 -5.497813239954602027e-01
-4.803177205626099622e-01 1.682405679014357947e-01 8.608077593898307844e-01
-7.589127575881802201e-01 6.187595762570428093e-01 -2.029483016930881401e-01
-3.484979852314263327e-01 -9.204852553106239732e-01 -1.767938037527664874e-01
5.971224806859052325e-01 -6.809629559053925751e-01 -4.239506996622383617e-01
-9.316320624600250566e-01 9.191576154389216602e-02 -3.515866791792405244e-01
9.564867939507694095e-01 -1.443419726660950808e-01 2.535713073765221148e-01
1.748324119204681393e-01 9.469511244350178325e-01 -2.696612609800068672e-01
-6.954878262242057962e-01 -4.966619712558126842e-01 -5.192528958823622309e-01
8.090533585531197724e-01 -4.535088072583731700e-01 -3.738481305998526683e-01
-1.122939831675133211e-04 9.206521657229954636e-01 -3.903838843236480116e-01
-6.797857508050202391e-01 4.357547608021356544e-01 5.899229792445184195e-01
-2.258714946481047703e-01 -4.228896184125534030e-01 8.775798758770144703e-01
-1.921928648360566316e-01 2.094179105839562016e-01 9.587523358160642273e-01
-9.421466090857878450e-01 3.246964969677196278e-01 8.325834399652327911e-02
8.806417071612211434e-01 -4.152441182906635442e-01 2.281282661863263117e-01
1.234196533440095195e-01 1.213263315610393633e-01 -9.849098996549811025e-01
-7.752038587263941627e-02 -9.897053834049279741e-01 -1.203072891950515699e-01
-8.101092168144063965e-01 -1.335915809388938946e-01 5.708558017000403551e-01
5.532435754459559263e-01 -6.699032514703098795e-02 -8.303215296284143232e-01
-7.988218884713540469e-01 3.838085838058613586e-01 -4.632219354650625731e-01
8.731038639859474149e-01 1.520669641599076694e-01 -4.632119181368259397e-01
-6.033569943298464633e-01 7.930256395257482271e-01 8.408729064508869977e-02
2.087751209382152362e-01 -3.692645110957599175e-01 9.055698038927993965e-01
-4.457390732132322508e-01 -7.736149658913408222e-01 4.503738038118427767e-01
-6.637961016823885896e-02 -4.321254908275146689e-01 -8.993671705877372968e-01
6.606133217360242726e-01 -4.463902100023412617e-02 -7.493980230485244309e-01
4.009649628385367759e-01 -8.439643771276211792e-01 -3.563021592910674551e-01
-6.409914059909930240e-01 3.330825230462098885e-01 6.915099784434501906e-01
-7.788505234944143041e-01 -6.213370077985288509e-01 8.562817756117327428e-02
7.316649806337162110e-01 -6.116733217829051217e-01 -3.008689142023988627e-01
-4.205680167096722544e-01 -2.458806015010528978e-01 8.733070898179937647e-01
-8.320291352158919462e-01 3.082348275700229068e-01 -4.612144937279974988e-01
6.774903747480939264e-01 6.099655565682767788e-01 -4.110338330649189742e-01
4.738910283650250577e-01 5.276614038589624855e-02 -8.790011533916863851e-01
7.569570407015961955e-01 -1.415927367031692696e-01 -6.379400719857538649e-01
4.939586273446092135e-01 -2.787191996053106635e-01 8.236021383187420719e-01
-3.913890214578821247e-01 3.181911233790831184e-01 8.634633998525927945e-01
5.159691041145845203e-01 -4.841631314393960439e-01 7.066554646742577717e-01
9.303384683759186036e-01 3.201523164145780864e-01 1.788094755719890072e-01
-9.408399894790328566e-02 8.102460865789275213e-02 -9.922616660608259975e-01
6.526436261905212977e-01 7.189033638492661193e-01 -2.392368087044655089e-01
-4.632249656783521963e-01 -7.122145261499136515e-01 5.274211788631011366e-01
1.269237548574288221e-01 8.957266743493241812e-01 4.261033739739584214e-01
-1.463348372856616841e-01 9.194301875324855100e-01 -3.650126650550049590e-01
-9.451376232913119013e-01 -2.474653795358829345e-01 -2.132504606569739503e-01
7.060156174772801441e-01 7.319373403464203565e-02 7.044037373383540412e-01
3.063128910696744645e-01 9.513057524475435622e-01 -3.449316055032618927e-02
-8.128086951681967598e-01 -1.670060693269791174e-01 -5.580779496333159173e-01
3.239362207363282731e-01 7.678169864572282899e-01 5.527408074340136590e-01
3.761931681461525012e-01 -4.780276368537388354e-01 -7.937054104919472053e-01
-7.258406418433915874e-01 6.806918429486795707e-01 9.906552170913737743e-02
6.732656812096460275e-01 -7.226092230115418458e-01 1.566819495792895200e-01
-5.583493258628593470e-01 -7.132533609773523686e-01 4.236928998260428014e-01
6.648173996022700427e-01 3.343513835396217382e-01 6.680022286723422686e-01
-4.668992327037636558e-01 -4.338257555644468022e-01 -7.705844018078575886e-01
8.587616336082238844e-01 -5.122698968928471874e-01 -1.039275612751854386e-02
6.194387524823704583e-01 -6.339227789097029442e-01 4.630740138492813740e-01
-2.934043765372141288e-01 9.495124236055787481e-01 -1.110856842598031274e-01
-2.916773932617665044e-01 -8.013146168537260694e-01 -5.223209579143716086e-01
3.163152149323827933e-01 3.537381987321769894e-01 8.802351796877896373e-01
-7.459095044516843298e-02 9.712580605672300749e-01 -2.260397529083530699e-01
5.671129658927520634e-01 -5.987749678808165082e-02 8.214606316158549193e-01
6.594744742051911190e-01 4.708182463905420945e-01 -5.860235462313110322e-01
4.362994152144804016e-01 8.985397197837481365e-01 -4.763603944962039455e-02
-9.755030691825425926e-01 1.012768058417376016e-03 2.199834910085287365e-01
2.648776082112391794e-01 -1.422715972066209977e-01 -9.537288111914047350e-01
4.729269965002655396e-01 4.729151727248009363e-01 -7.434321054325738753e-01
9.426552405856549743e-01 3.067040352153193594e-01 1.316576324374748308e-01
8.187959287776923611e-01 -4.403450762895532722e-01 3.683333283923999613e-01
3.895337595329002034e-01 -4.011876086845265754e-01 8.290427931187603905e-01
1.647429700319510970e-01 6.326132363454785024e-01 7.567431843271213987e-01
-6.774809247872589646e-01 -4.499729716224156427e-03 -7.355265793850561673e-01
2.593455667991190761e-01 -9.606016892277497998e-01 9.992132722515836840e-02
3.910869296834039166e-01 -8.782224739259930635e-01 2.752749529508936588e-01
-8.407799526690101777e-01 -3.801593168904564002e-01 -3.854451517029091057e-01
-2.555412018468531943e-01 3.244855734260214120e-01 -9.107182916780861559e-01
9.384190860863967920e-01 -2.653414300706629647e-01 -2.212770759858042335e-01
7.830277347793330733e-01 5.331420105571648138e-01 -3.203547457825626221e-01
1.810763108667758359e-01 -6.586402589458313361e-01 7.303453833212386614e-01
4.125445181953816265e-01 2.090027055929485345e-01 8.866368419831017755e-01
-3.166746328341367711e-01 -7.385024643494337848e-01 5.952573284464273140e-01
1.178076162062958732e-01 -8.774852922108200559e-02 -9.891519403930455479e-01
-8.253340126342744165e-01 3.328387439109434798e-01 4.561163646930384008e-01
8.033146746272707972e-01 5.845643551385886205e-01 -1.138861195663810055e-01
8.024966760473440930e-01 5.157843568066626805e-01 -2.999426315255991904e-01
6.821292416325683838e-01 7.055868527929826106e-01 -1.919554398173465848e-01
-5.898003052581761718e-01 -2.027980248852403189e-01 7.816703659599790743e-01
2.819725286374908518e-02 2.351137921947495935e-01 9.715587576933997216e-01
7.889480644681603483e-01 -4.587733716357750291e-01 4.087639233712859199e-01
-8.276652715790872028e-01 -5.607769616828925940e-01 2.234720267996335649e-02
3.929275429465683978e-01 7.510193980561385985e-01 -5.306390578701946081e-01
-8.911256610537681144e-01 4.241921254535788721e-01 1.611089597591016387e-01
1.214196297178136152e-01 -6.905382524108547582e-01 7.130316931781865986e-01
3.743803729428938354e-01 7.869286799639380048e-01 -4.904921905651034586e-01
-9.656462821971789623e-01 2.426971902721125063e-01 -9.287266289273876652e-02
-7.271752451708674014e-01 1.015837881415959376e-01 6.788938774193593595e-01
-1.843819340869520540e-01 4.290409768249808797e-01 8.842664432100887373e-01
-4.507338508205770977e-01 -8.819664888392079183e-01 -1.377465363959946565e-01
-5.368292533492843299e-01 8.412340636589983323e-01 -6.433974578919619824e-02
4.678885278410458981e-01 6.837113909141199208e-01 -5.600170171066396474e-01
6.360905793234314931e-01 -7.569572859670702369e-01 1.496811348077920212e-01
3.533544521067140676e-01 -9.036687595932836325e-01 -2.419161096568397951e-01
8.558416941110265075e-01 -4.571219687600938664e-01 -2.420216938583480137e-01
5.331140115004494584e-01 7.152140709178756994e-01 -4.519494258243710871e-01
-9.398610699136316082e-01 -2.101026916149703050e-01 -2.692917158713733494e-01
-1.813232512568787591e-01 1.130479164433998013e-01 9.769043183144606735e-01
-7.385752212725016363e-01 5.630375018460882508e-01 -3.708037405922322005e-01
-7.050843690437683664e-01 -6.402554204846233610e-01 3.048426300080246398e-01
-3.356876371051185637e-01 6.463748288884856308e-01 -6.852104719530802690e-01
6.025889211984010174e-01 5.520694984119031146e-01 5.762862665135938256e-01
-1.685208290924520569e-01 9.269130944861629917e-01 3.353100735618871342e-01
4.129210471651559300e-01 -8.039463950687927296e-01 -4.279794418706624470e-01
-9.987625351790130335e-01 3.744062659121347170e-02 -3.273526849207315792e-02
-4.431048643662009040e-02 1.176332959444096604e-01 -9.920680362137492825e-01
-9.476574234601851110e-01 -2.699021423796364449e-01 1.705820661725200582e-01
-8.224910909069444997e-01 -1.217903416575741443e-01 5.555857432094849502e-01
9.101213907332367237e-01 2.208288439833176187e-01 -3.505904673472888256e-01
2.824288214977731526e-01 8.154137545013896426e-01 5.053062138518845670e-01
-6.049722585510795003e-01 6.285716490381221266e-01 -4.887803682730125221e-01
-9.706832781523101472e-01 -1.070707812538508469e-01 -2.151971684692317310e-01
-7.733827068358244405e-01 -2.532515739520196929e-01 -5.811564583295256714e-01
8.011365210571018414e-03 6.654862657857504304e-01 7.463671000774354525e-01
-1.596037010344724116e-01 9.130493980445061331e-01 3.753231345742811254e-01
2.516704897843025646e-01 9.319465962767636835e-01 2.610316192722332285e-01
-9.480875872021969630e-02 5.323804007399067784e-01 8.411791772137179324e-01
-1.334934699411734205e-01 3.421428086174810312e-01 9.301170850997237949e-01
1.524774095940698293e-01 -3.729535565254967211e-01 -9.152356441040009338e-01
-5.271575713724093726e-01 -7.780009279618794737e-01 -3.417886057714585868e-01
-7.936636350334826950e-01 -6.539390479769743858e-02 -6.048319366904729710e-01
2.510758033082278740e-01 -9.123582732516265503e-01 -3.233625244558159806e-01
-1.816641543113325374e-01 -9.784356464774439377e-02 9.784808490181966523e-01
3.518548227202270562e-01 -8.283725509622265060e-01 -4.358865684336362123e-01
-1.957048055070583215e-01 -2.584013656295505029e-02 -9.803223533327455330e-01
-5.934751130634215860e-02 -2.010007562003351123e-01 -9.777916797092502943e-01
-9.654760723166292413e-01 2.475363099071861694e-01 -8.112785626151013119e-02
5.613149484826657210e-01 -8.242656904725434996e-01 7.424015166824012024e-02
4.160941867959872531e-01 1.502880728324571535e-01 8.968161031554306994e-01
1.764877088884454492e-01 -6.362739699962211004e-01 -7.510043433406727864e-01
7.541227156344137983e-01 -2.761013416085189021e-01 5.958749692059175374e-01
-2.164156113015948055e-02 9.866263207841035054e-01 -1.615553959726292177e-01
5.948334927145823015e-01 -7.878220109471681942e-01 -1.597172345494717038e-01
-2.441377730310589078e-01 5.571312523850575626e-01 -7.937263479281082557e-01
-5.075701906123902818e-01 6.915844955899032309e-02 8.588303735059085176e-01
4.259994014815160490e-02 9.529254603948050795e-01 3.001971219560951032e-01
-2.766595012749414328e-01 -7.896097474601113109e-02 -9.577184788973533980e-01
4.367962377463731061e-01 -8.374569398989093472e-01 -3.284431769816026359e-01
-5.708637376591685353e-01 5.934468632371855401e-01 5.673935261701078536e-01
-2.878101203971236699e-01 -6.396456757440919239e-01 -7.127543364293739137e-01
-5.585201173302313249e-01 4.872809644497742010e-01 6.712767985133424320e-01
-7.617896085925017768e-01 -2.354087783154694760e-02 -6.473966475904884277e-01
-6.986091753424464867e-01 -5.699895655393442118e-01 -4.325010003498446776e-01
-6.339797986414710262e-01 5.513478008029252253e-01 5.422962451135888706e-01
-9.796069084404653016e-02 -6.007133627791898522e-01 7.934400789145167332e-01
-4.359661311623383440e-01 8.991428681658887312e-01 -3.841399622223596461e-02
-5.363259215734090812e-01 -1.843387655853128693e-01 -8.236344610025229107e-01
8.661610952664104968e-01 -4.749204623059241070e-01 -1.556133398202715068e-01
