-1.956314191551844939e+00 -6.402932152987611536e-01 -9.982914149153963024e-01
-7.030825186131242077e-01 -7.735346609936791795e-01 2.976142172823079690e-01
2.713746913708653619e+00 -7.609130192571473827e-01 5.746407913979698634e-01
2.714938744490989819e+00 -8.283866252650546880e-01 5.448922348336503463e-01
-1.637726335589990700e+00 1.071947468201702724e+00 -9.990900737033943102e-01
2.010256773126814611e+00 -7.140609543498760425e-01 9.910742693751495302e-01
1.364776569951965834e+00 2.799683675661822704e-02 7.725644935301864136e-01
-2.029799001082305931e+00 -1.450862287442412857e+00 -8.688860824480075795e-01
-2.560795695434743835e-01 -9.846241919527353170e-01 1.856271377011950718e-01
1.776573240778554386e+00 -1.006554463333225291e+00 9.991217194569208537e-01
-4.156350596729401770e-01 9.162772472439992821e-01 1.106395595064500192e-01
3.395671723391116004e-01 -1.052302187556177104e+00 -4.475340972503819570e-01
-9.900519256436502991e-01 3.238533854230151721e-01 -2.856754408498837772e-01
2.852598613172216080e+00 2.825742195015915614e-01 -4.990726634587976385e-01
-1.403066913664916759e+00 -8.890331843191773276e-01 -9.407924220436870710e-01
2.328563646668952991e+00 -1.736516893909496595e+00 4.258965542026328377e-01
1.959752941226365008e+00 5.270817763169585168e-01 -9.995678538873939978e-01
2.327902937499946034e+00 1.023232767936655296e+00 -8.398231564500410196e-01
2.002274264053627018e-01 1.091597414557520240e+00 4.555874453612561714e-01
-1.020463172538267349e+00 2.706356779450546091e-01 -3.292030839064996051e-01
7.571194618406164034e-01 7.725360416880698855e-01 3.958497581182728875e-01
2.531461056313545566e+00 1.596252313969512615e+00 -1.205227486235057738e-01
-2.658920391310473086e+00 -8.499821123988769989e-01 6.112028026068162534e-01
1.974834768309102540e+00 -1.827085838365599457e+00 -7.234344268477034268e-01
-1.011121349117650725e+00 9.868148020271888532e-01 -8.094844951253241661e-01
2.629278843134646326e+00 -9.371257794514123787e-03 7.771660818931045434e-01
-2.442317204700985123e+00 2.372282915289859739e-01 8.910977362324443707e-01
1.845931126668808986e+00 7.851570832536589606e-01 9.999821529993909719e-01
-1.082856455559509712e+00 2.029875133435805334e-01 4.394189645992839788e-01
-1.995525511353092307e-01 -2.990788136784962248e+00 7.153547625250815389e-02
-1.629662014197235331e+00 2.474191997131608645e+00 -2.706713227782913678e-01
-8.846762989970186064e-01 -5.632520341437361466e-01 3.084627013265994755e-01
-2.379951291178920680e+00 2.821897086583846637e-01 -9.179818245122584042e-01
-2.450905498534909910e+00 -1.148242187143715842e+00 7.076658945724041416e-01
5.664855535592654423e-01 2.731911613438796849e+00 6.130729084928661088e-01
1.400712944650014391e-01 2.368966954841456030e+00 9.277893733304874990e-01
-2.132943919260716026e+00 -1.097720410626170207e+00 9.170199402713200554e-01
-2.262869204351091942e-02 2.178375777276414738e+00 9.839411261234197736e-01
2.087855615199040449e-01 1.300348314142476758e+00 -7.304212661010747176e-01
-1.814406499745558010e+00 1.574206850408636615e+00 9.155853588289398770e-01
2.591197125022179915e+00 1.313512075733651807e+00 -4.251949170369026532e-01
2.832503034933309682e-01 9.640352301471716290e-01 -9.771821810323028101e-02
1.963132836733592734e+00 -3.342488991585605695e-02 9.993306314625688413e-01
1.515235665385175290e+00 9.839040793380576799e-01 9.811310547191726128e-01
1.673825491600709148e+00 2.456944246611712845e+00 -2.311325633273119684e-01
-5.730113007905283107e-01 8.307792036170114081e-01 -1.355205432614981498e-01
-1.483860318106964282e+00 -1.602090182740404517e-02 -8.565565348846622129e-01
-9.663318265178139077e-01 6.380840908087044294e-01 -5.394670832476700095e-01
5.648574116107222265e-01 2.020484299578319654e+00 -9.951907155522871085e-01
2.140946283675484729e-01 2.100006171070464056e+00 9.938325318191690849e-01
-1.474891398801094100e+00 3.789649783696339980e-01 -8.787945868859642351e-01
-2.093679125709332123e+00 3.238525896915873115e-01 -9.929447395107771079e-01
-1.111202634770137809e+00 1.447095244470982367e+00 9.844821515943859014e-01
2.678597896828545988e+00 -1.179408884465541485e+00 -3.756674900021400032e-01
-8.959732245091256431e-01 8.884934794826224724e-01 6.746033537373552491e-01
-1.082049352940657627e+00 4.307708736051171078e-02 3.986721332618828328e-01
-1.607146546354289995e+00 1.054161499403119651e+00 9.969552411338540310e-01
1.010023272736181532e+00 -1.993841057580834741e+00 -9.719778340302025477e-01
-1.143122784751255283e+00 1.399441078611711520e+00 -9.811941862886447430e-01
9.437535985437127684e-01 -6.504439454400975373e-01 5.205823657074762911e-01
-1.622685697078110723e+00 -1.145604657734150100e+00 9.999066025945286817e-01
2.725185763914837356e+00 -6.373808699178840076e-01 6.016890865539410438e-01
6.033375411299708446e-01 8.978881213071707723e-01 -3.960399845005976860e-01
1.996900944595550342e+00 -1.430337819272176736e+00 -8.898186959973288790e-01
1.023103134985644536e-01 -2.032549497805395955e+00 -9.993830036846927944e-01
-1.002458905009529389e+00 5.161304923266310865e-03 -7.027283854360610871e-02
3.785193729261072670e-01 9.849653517231475863e-01 3.276293326328922895e-01
-8.894739479856934583e-01 -4.581005558432020841e-01 -3.192966411317800512e-02
1.461804794505736416e+00 -2.618371964428154008e+00 4.916663269102543310e-02
-1.281578502128360331e+00 1.216984833003353916e+00 9.725584634783093207e-01
2.562697645905640531e+00 -1.237897143652973764e+00 5.331570919729632374e-01
-9.999473185046707790e-01 1.466124917269001626e+00 -9.742801094528064088e-01
-2.390444975342164824e+00 8.357586394023924781e-01 8.465338920559910552e-01
-1.271016418037747009e+00 -1.131401496495896497e+00 -9.544509651612619328e-01
1.875335515539105602e+00 1.595135155617317668e+00 -8.868909835530387475e-01
2.067281154752271810e+00 1.769652971053087498e+00 6.926516065438514946e-01
-7.650180274038661521e-01 -2.284241526543492995e+00 -9.125594114693615921e-01
-1.395933131758501089e+00 2.015721128615388658e+00 8.920740387119518999e-01
-6.132794968175626638e-01 1.357337930461726794e+00 -8.598513944488443972e-01
2.876344052343466018e+00 1.617621292673252498e-01 -4.733226877843732527e-01
2.610357235888455474e+00 -1.465854045945084838e+00 1.113994814185297333e-01
-1.174412412983050658e+00 9.048324526391550160e-01 8.557158460800602384e-01
-6.788005824416535328e-01 -8.693336103241843249e-01 -4.419405239715966105e-01
4.976598425930748859e-01 8.683784163421712776e-01 -4.177163253629755796e-02
-4.660297963674436272e-01 2.940918777297038211e+00 -2.104049561418770142e-01
-7.130605404527472491e-01 1.097046557758895924e+00 7.223011837113114675e-01
1.592718525215385039e+00 2.531555128233306196e+00 -1.345498181379875258e-01
1.237633613328418036e+00 6.878222038007890671e-01 -8.116978497437754569e-01
1.532812455040035715e+00 1.131111168317790877e-01 8.863479386720978237e-01
-1.516294477916295458e+00 3.253510151615672252e-01 -8.934347277287625344e-01
-2.478037182783134895e+00 -6.726708160877367115e-01 -8.232259766967875425e-01
-7.181321985375306305e-01 -1.501473617449304410e+00 -9.419949017589002160e-01
8.872104231110075068e-01 1.117185429367318239e+00 -8.192897992349628122e-01
-1.878537853325814799e+00 -2.055601985532478082e+00 6.199098372510939425e-01
1.323662828826495552e+00 2.492940881413470144e+00 -5.686802370000678675e-01
2.397664561415856266e+00 1.086794797932244316e+00 7.745817571523828660e-01
7.693617944194300895e-01 -2.361928225701019013e+00 8.750271889730937280e-01
1.475576574163639521e+00 -2.023876296000299835e+00 8.633088734839571288e-01
2.911496086496292435e-01 -1.169358619388387366e+00 -6.066870069454931569e-01
-1.356489849862735353e-01 2.680246901826279782e+00 -7.297844102434487557e-01
-6.938896656627393522e-01 7.425987104508323666e-01 -1.800057899278280638e-01
1.765673968572943009e+00 2.081755866006651967e+00 6.837576726989149645e-01
-1.748622752119657564e+00 -1.388291996417204022e+00 -9.725439074657700189e-01
-7.065926258583504760e-01 -2.886813550837049380e+00 -2.348544258403929552e-01
5.855191301857154418e-01 1.233420764425740224e+00 -7.727933283979309120e-01
1.811829276273844824e+00 -1.159526464752192343e+00 -9.885186337735132334e-01
-1.489935045964696503e-01 9.985955071384793325e-01 -1.385850885387991949e-01
2.742224371936240690e+00 -5.314731499348471777e-01 6.088931304385516441e-01
2.103712743651325656e+00 -5.890861543336124440e-01 -9.828071735019245914e-01
-9.043478737395402867e-01 -4.605486939012454761e-01 1.717796930470210648e-01
1.890456596137068734e+00 8.101478080987761787e-01 -9.983891793791940250e-01
1.773926010999434588e+00 -1.905645883884681258e+00 7.973502820344261499e-01
-2.740053622103971520e+00 6.655591446987567661e-01 -5.727538098231216290e-01
1.903871187670144183e-01 -1.743057996916048902e+00 9.691236544298598155e-01
2.784449021780219247e-01 1.026968491522445515e+00 3.521247370271879396e-01
-1.114285723274294426e+00 6.708623242306001044e-01 7.147788298624714320e-01
-1.328662440766920527e+00 -2.338454187882956337e+00 7.242322984065798774e-01
1.663171794688551308e-01 -1.608222137638893656e+00 -9.236650870907471278e-01
-2.364081797956000486e+00 -1.726825933607382790e+00 -3.735881796839285451e-01
1.897036294935546819e+00 1.568429794331858626e-02 -9.946918230149482953e-01
9.297803836146721901e-01 2.172998444230610282e+00 9.315709555903805006e-01
9.850746531912913939e-01 7.761968226465515430e-01 -6.660966867654920520e-01
1.714096753208506074e+00 2.015214552208345555e+00 -7.636728650782884653e-01
-2.411597584132161298e+00 7.317684233081092060e-01 8.540589857080903569e-01
-7.957290254087322212e-02 -1.137184777738592834e+00 -5.102356816685492680e-01
-2.483358514107340542e-01 1.010399432493127359e+00 2.816062414779920142e-01
-9.259772121735310169e-01 1.933622023701627279e+00 -9.895915315783790911e-01
-1.210365581105029342e+00 -1.169737623738693832e+00 9.485031465793574146e-01
2.521295096995649576e+00 -1.625059700296921594e+00 -2.739660897516474347e-02
1.518901202622723101e+00 -4.608637245510411318e-01 -9.108577250768812306e-01
-2.768427211204294913e+00 9.216605548581677243e-02 6.380909780610384274e-01
2.381545483716405620e+00 -9.187429203930578270e-01 8.334361239752493544e-01
-6.491439493067207023e-01 -1.608806395973815695e+00 9.642025282161011956e-01
2.189282486790383508e+00 1.896478501427640850e+00 -4.430869526405913916e-01
-4.431914091603695316e-01 -2.580176103393099662e+00 -7.862076187729879484e-01
-1.067675066981469412e+00 -1.484822498164225957e+00 -9.852419237207309388e-01
5.608332529761114182e-01 8.442839901527064983e-01 -1.642571991984709268e-01
-1.917531724379280211e+00 -2.283882970699986359e+00 1.882475223206190318e-01
-1.772365832050531775e+00 -2.415661278506460619e+00 8.807145846274828938e-02
-2.044315706349773443e+00 -8.742012210231769886e-01 -9.747295896657316439e-01
1.123352201832642949e+00 -9.070426679908357714e-01 8.310688958708427609e-01
1.970759965114851298e+00 1.183760108989597715e+00 -9.542679768976687349e-01
1.009874028210070218e+00 -2.006087608310020531e+00 9.692858133535834364e-01
-1.296137600926289268e+00 8.863492674116450754e-02 -7.133230932524209367e-01
8.995777816572259056e-01 -2.220503873538526740e+00 -9.183349368601866347e-01
7.668578010106248399e-01 6.956259263031207007e-01 2.635639035130040164e-01
-1.014159641568022741e+00 7.906252974626857277e-01 7.000712033242565413e-01
1.031912646879006967e+00 7.182055580967600106e-02 2.600652793758220227e-01
-2.866246063633386409e-01 -1.971751645898642824e+00 9.999716897938004667e-01
6.703857016502415833e-01 -1.864157395855468913e+00 9.998201487612574656e-01
-1.756098328031189704e+00 -2.373918001985383608e+00 -3.034178476199628216e-01
-1.193995963049445441e+00 1.051154768946450213e+00 -9.124317571097720903e-01
8.434112225905009419e-01 -5.447589450088816676e-01 -8.984479453518916248e-02
1.227672616943322303e+00 6.562554637856957696e-01 -7.939885373943095237e-01
1.415421182539160050e+00 7.139667915242933760e-02 8.126304987437754646e-01
1.687036032872015201e-01 1.289212170065328067e+00 -7.143421744664057993e-01
-1.432448992829588930e+00 1.278351231122937914e+00 -9.967884226002505788e-01
-1.351697087125959928e+00 -2.108956960150337068e+00 -8.631474307493269826e-01
2.301428830974470152e+00 -4.539464912049258616e-01 -9.383188916234136423e-01
1.895874905267233679e+00 1.046777883508484663e+00 9.861828349802553850e-01
2.275717621394252266e+00 -1.052214932914967038e+00 -8.618289550379455433e-01
-6.709932694400444486e-01 -1.493934526784829853e+00 -9.320628487759942127e-01
7.875838648148834054e-01 -8.742334185329082574e-01 5.675753631766555785e-01
2.664911017858205167e+00 -1.646137636539786175e-01 7.423698149510087330e-01
-1.755370321270010692e+00 -1.144127234763796075e+00 9.954469979631140886e-01
-1.154964181272107648e+00 5.410941699876012922e-01 6.892026478186059624e-01
-2.039792304194989470e+00 1.244517586966214617e+00 9.210382857243034627e-01
-8.497810822537593678e-02 1.656602424309837174e+00 -9.399836585345844320e-01
1.402543249394420377e-01 1.812651224339879130e+00 -9.833113424024114702e-01
8.130758380180216349e-01 -2.886828704252338618e+00 4.133704058325800984e-02
7.134372287669884516e-01 -7.932541493332136984e-01 -3.595795672806170740e-01
9.764720540995121267e-02 2.329308546544243796e+00 9.435063696951148104e-01
-2.980459882159823826e-01 -1.159334193319590423e+00 5.960230253306335602e-01
-9.706074951383729388e-02 2.997568752963615246e+00 -4.147007791613855493e-02
-3.070343753904832274e-01 -9.523796089372468243e-01 -3.600259152018665115e-02
1.333719048622654668e+00 3.906233377699276921e-01 -7.922055802807163039e-01
-1.000332680809934427e+00 1.098470557681038073e+00 8.576100556196730729e-01
2.946579633617226079e+00 2.056033416819478266e-01 -3.006196456472604028e-01
2.768949137400300131e+00 1.099353765713919628e+00 -2.028768483299093484e-01
2.857389184516624381e-01 1.862249044276115484e+00 -9.932542407989621847e-01
1.342553302731143594e+00 -1.650528512281322024e+00 -9.918253482726739900e-01
-2.580054585055515659e+00 1.514630397832644082e+00 1.279038380444268153e-01
-1.684085228845765281e+00 -1.811542310835209557e+00 8.808344183289595897e-01
-1.033427502779140195e+00 -8.675509060351852542e-01 -7.593369731944300538e-01
-2.079374372578820740e+00 -2.087982593740583148e+00 -3.219029910036764197e-01
-9.494620839429334103e-01 1.468348684233078627e+00 9.678776441060529256e-01
-2.333477125377672046e+00 -1.544793218197560103e+00 6.020186655020030031e-01
-4.500485310459099164e-01 -1.012359936927513138e+00 -4.518147666927483930e-01
1.764691076486351928e+00 -1.617131827112139542e+00 9.192881582837524324e-01
-2.268853479510231530e+00 1.800088530310743007e+00 4.436361822132255384e-01
1.184093333515034985e+00 7.597616628054223442e-01 8.051149790477365453e-01
2.094140576386773311e+00 5.490332266745786560e-01 9.863075790695208234e-01
9.636076845790203516e-01 -2.394049338389196979e+00 8.141176937416074733e-01
2.168111422166662638e+00 -1.960806265485214528e+00 -3.841677626378338095e-01
-6.422792792963537556e-01 9.412246442842234773e-01 -5.094254271653898547e-01
-9.350515153455641881e-01 -2.546125670126619500e+00 7.017804680732417921e-01
2.403144342279775802e+00 7.496347956707416493e-01 -8.557734211890407616e-01
-9.906353920341302022e-01 -9.203194235154322778e-01 7.617794697595187126e-01
-2.767398827281855489e+00 -5.028785795747569426e-02 -6.406228489163540152e-01
-1.990187733547317261e+00 1.815599687240250448e+00 -7.200441499989514993e-01
1.032873616131298800e+00 1.596650102632690915e+00 9.951479031664139940e-01
-1.702315884772594101e+00 1.059200551393598033e+00 -9.999877971695014800e-01
-9.834195601399686737e-01 1.920885665947464349e-01 -6.327729861212763596e-02
-8.704804252588057567e-01 -1.615020030378644167e+00 -9.862388452493155988e-01
1.809908746215105113e+00 -1.239729050130143007e+00 9.810437899868225120e-01
-9.932703768796384836e-01 1.455180742259775117e-01 -8.792921585208765545e-02
2.299071742465213841e+00 -1.729783723427559261e+00 -4.802512519844143735e-01
-7.793650911852399998e-01 6.407770708977790219e-01 1.335834921712348855e-01
1.551501070564135221e+00 -3.537694527145611167e-01 9.126790142977380116e-01
-4.844278207959033522e-01 -1.067092584862490368e+00 5.605849980752694028e-01
-1.380477239209237705e+00 2.649288474388701076e+00 1.583610922347784000e-01
-8.680743102400503286e-01 2.065340584029955906e+00 9.706853739175673734e-01
-7.497205043015754862e-03 1.191401610559121194e+00 -5.883933988482530353e-01
2.674095259031483707e+00 -1.257884835136220680e-01 -7.359350449900528002e-01
-9.047941264367266312e-01 -4.716387998916791724e-01 -2.006690402398723094e-01
8.267502061219276221e-01 -2.717724237722225045e+00 5.415108791380978115e-01
-3.145072954209696126e-01 1.132186713735786610e+00 -5.652175690982874645e-01
2.254122130765100263e+00 1.502525166439134363e+00 -7.052145186722272863e-01
-2.876591715116310954e+00 -7.736112022603907068e-01 -2.048145501334352470e-01
-9.875293397207532964e-01 1.199280908968865189e+00 -8.948039716727369530e-01
-2.298907474398057094e+00 -1.241594285875728731e+00 7.902665153008238130e-01
9.522799477222279041e-01 4.499468145337769953e-01 -3.219049444838775753e-01
1.273877999588983068e+00 -2.701440803604324703e+00 1.623783290908624444e-01
-2.010792510146200751e+00 -9.073414193070061806e-01 9.785463145487242054e-01
2.065725422712351378e+00 2.182753244992652886e-01 -9.970136545201978562e-01
8.167756682301671178e-01 -2.651491477833605614e+00 -6.326446641018440564e-01
1.042169884580561590e+00 1.315139050761788386e+00 -9.467421809755957041e-01
-1.399142062727924518e+00 -8.767858709122506866e-01 9.371848458416318639e-01
1.048805749160766299e+00 -4.532482071294963166e-01 5.145723480960682217e-01
-1.626049044377605446e+00 -2.323175688331347910e+00 -5.491899055146552966e-01
-8.087803301745758455e-01 1.801194109445862557e+00 -9.996733709469332041e-01
-3.093781777543906930e-01 -2.403535437378246264e+00 9.059592476866963340e-01
-2.793740016708029739e+00 3.271705507786902278e-01 -5.824981911194739848e-01
-1.213778378698898486e+00 1.211873710559664835e-01 -6.255466519595732633e-01
9.711878084645531040e-01 -3.009844708317642725e-01 1.823066941472583358e-01
1.558108037067016116e-01 1.960835587258456414e+00 -9.994558904299414293e-01
1.745761018709355780e-02 -2.519418954923168030e+00 -8.544829509591060912e-01
-5.067934438360646165e-01 -2.433957857567143446e+00 8.738699383789070296e-01
-9.774546229062764935e-01 -3.789913780648897501e-01 -3.072055371027361814e-01
4.546970772147339995e-03 -1.017336760455743505e+00 -1.854533033730981217e-01
-2.567747143070344684e-01 1.154163952762355949e+00 5.757613609823795109e-01
1.179583568192875020e+00 -7.163190775016808898e-01 -7.846391457702726058e-01
2.548366461044950348e+00 1.108407825626407828e+00 -6.270466044398856909e-01
4.154844775414339164e-01 -1.097615913682059796e+00 -5.631154509903321115e-01
-2.442320875795447765e+00 1.073520638235606839e+00 -7.443035960146122676e-01
1.465012618938938083e+00 4.214733317796680589e-01 8.796805266808538359e-01
-7.641311636726462186e-01 6.494623503273814213e-01 -7.537634590084206498e-02
8.006492582907998035e-01 -6.600882430616927810e-01 -2.718784758279916836e-01
7.859357099715814643e-01 1.040015272687790704e+00 7.176366287359262630e-01
-2.222908601432706632e+00 -1.946497276147486133e+00 -2.976122409490298826e-01
-1.933300951283806857e+00 2.146499166218899024e+00 4.583134692245775521e-01
-1.323039344403854845e+00 -1.434888735849986663e+00 9.988354232397617105e-01
5.208453328123224813e-01 1.027753133728473101e+00 -5.303102145870013384e-01
-1.920075039114436111e+00 3.953505295968984257e-01 9.992138124818281675e-01
-1.501510293338645385e-01 9.925668115068873032e-01 8.777478591085922932e-02
-1.948268206117980683e-01 2.899300832081574519e+00 4.236212026301190425e-01
4.544128165589804147e-01 -9.154780241794614470e-01 -2.088502039817277667e-01
-2.389206057332360356e+00 1.469475842271984245e+00 5.933619130034277767e-01
4.204564894092813754e-01 1.774290670067122155e+00 -9.842877940411631776e-01
2.204662311609161041e+00 2.031288123824216196e+00 -6.664024541939091162e-02
1.284954498376530863e+00 8.026882205256534730e-01 -8.745491875984747754e-01
5.819926820298294556e-01 9.629135395516732476e-01 -4.843581657875225543e-01
-5.645356996170937114e-01 -1.254182093560519240e+00 -7.809297532992474089e-01
-8.021671217507799767e-01 -2.207421948000160228e+00 -9.372508631646199184e-01
-4.800701354786658936e-01 1.101884490456677357e+00 -6.025543012837027979e-01
1.982505439538803094e+00 1.512908167633369327e+00 -8.695549537875045809e-01
3.259638154017566181e-01 -1.580276095865977393e+00 -9.223079364716398887e-01
-2.059985160147028704e+00 -2.049917147152787056e+00 4.229596615722604480e-01
9.954851939999265209e-01 -2.198770195002047512e+00 -9.104477636439410881e-01
-2.007539595588104131e+00 -2.055156181377599367e+00 -4.877970941816122674e-01
-2.158773463662347680e+00 1.849323351519391645e+00 5.385605642793112047e-01
1.205401082447761674e+00 1.046798093054875922e+00 -9.149749165101971338e-01
-2.645415902889186599e-01 -2.488045132014626404e+00 -8.648273862327194861e-01
-1.852423897322701130e-01 -2.972480177125493839e+00 -2.074451234477129036e-01
-1.277240342360099978e+00 5.682007818241353592e-01 7.984397299211041243e-01
-2.351872234356737756e+00 1.841988334625164203e+00 -1.585934198777146087e-01
7.641604766752245759e-01 1.036698956341774780e+00 7.020778740954894959e-01
-1.662235773765710523e+00 -4.134967862284333329e-01 -9.578989492383455095e-01
2.528047703552913639e+00 6.967886489076449141e-01 7.827663596202663054e-01
-2.906301029325261354e+00 -4.983477699384303850e-01 3.161244912910906590e-01
-1.201515154788730166e+00 2.728953145084925147e+00 1.901839705930232494e-01
-1.986387280246987741e+00 -7.196670647497180884e-01 -9.936249308955350523e-01
-1.994028819660929486e+00 -6.793811305715818927e-01 -9.943033579506095343e-01
-4.182112261662405267e-02 -2.545773289647213389e+00 -8.377090571875880354e-01
2.276957273532110193e+00 -1.013453776203599332e+00 -8.704183642895439998e-01
4.626434750183206490e-01 -8.865924841394102751e-01 -9.231158032808261041e-03
-1.825070520724842327e+00 1.853508654845398729e+00 -7.990790252367350188e-01
9.390274843864713228e-01 4.476473801981195044e-01 -2.809226151833980611e-01
-1.425801267408532302e+00 -2.143854115863648158e+00 -8.183723994373871546e-01
1.492006451576873283e-01 1.719363330533993706e+00 9.616797474246138178e-01
-5.807170879852678880e-01 -9.847098791160818765e-01 -5.156340778847543493e-01
9.090619628394965845e-01 -1.546981042285757502e+00 9.786169434238417564e-01
-4.698264196005615817e-02 -1.010297380817463564e+00 1.504949746586070614e-01
-1.689970502624235760e+00 6.380817603140492844e-01 -9.810842432668162028e-01
-1.164854002121109344e+00 -2.621751374472112150e+00 4.950250177457680700e-01
-1.753879584158803073e+00 -9.426604519653131176e-01 9.999608913050878067e-01
2.232422740173273801e-01 2.118898869565660092e+00 -9.914316427164961976e-01
2.771236322506490879e+00 -6.026949690624705189e-03 -6.365409851658551110e-01
-1.006746272464893455e+00 2.025619932432962400e-01 2.304773249911223898e-01
6.481736228672809741e-01 -7.776803065548117955e-01 1.568729297906257814e-01
-1.553476373291700074e+00 1.593256624627994000e+00 -9.743000668799558506e-01
2.142471509025257514e+00 8.490893228043323582e-01 -9.524834366232479699e-01
-7.434091678768826872e-02 2.774645728834508329e+00 -6.311737729684029352e-01
-1.474142022530203211e-01 -1.611478763707590245e+00 9.242479686736675415e-01
8.911475728526589979e-01 6.140583930707265159e-01 3.971016123885229843e-01
-5.037067179810924555e-01 -2.956498319123675778e+00 4.240916746400638648e-02
7.711007263259754829e-01 2.845664822313838105e+00 -3.174099420931884019e-01
2.130421194278634633e+00 -8.977858030761660668e-01 9.501268475503993338e-01
-1.465492538535102307e+00 1.905859915113194747e+00 9.146896745529762285e-01
-2.790871116687624998e+00 -7.712951462114985279e-01 4.450832128143976663e-01
1.880230442120573109e+00 -5.801282159017379092e-01 -9.994779886880245101e-01
-3.951394076714435655e-01 2.785361553072995822e+00 -5.819148140287767612e-01
2.141845788557168007e+00 1.866723769728720894e+00 -5.407943037966208566e-01
-5.008910192899743707e-01 -8.995129744746078737e-01 -2.413847055809285880e-01
-7.482588319322553971e-01 1.687060205108350752e+00 -9.880009707859627177e-01
-6.264377410074969399e-01 7.974957816255296983e-01 1.674080369105586941e-01
1.346881592021408558e+00 1.025890467884526425e+00 -9.517373539285213235e-01
-1.714767662266530435e+00 9.015696168892961548e-01 9.980344393863219699e-01
1.192063018224135851e+00 -3.519822508345148981e-01 6.533481081701737470e-01
-2.464018534176994013e+00 -1.452973492179989945e+00 5.094330031373287548e-01
1.491388683083879396e+00 -1.145145914662003550e+00 9.928123928013896649e-01
6.176180728129403441e-01 1.092020738349607667e+00 6.665908189572489206e-01
-1.122941941319287817e+00 1.048421339093039473e+00 8.859868605576458611e-01
-1.397188885616557741e+00 -1.262308143837490571e+00 -9.931278358455228883e-01
1.749306638165146532e+00 -1.674125184855884685e+00 9.069141262243839430e-01
-1.089947335551555652e+00 -2.001560469034586287e+00 9.602663338690002881e-01
-2.266895306621080408e+00 -1.865089464526817897e+00 3.532307114546969218e-01
-2.745201699988237376e+00 -8.855616439648646976e-01 4.665363958588554238e-01
3.723029158601517952e-01 -2.379247765450481555e+00 -9.128923241385319409e-01
1.398903444321791145e+00 -1.185315727979008305e+00 -9.860498324806507009e-01
2.086816675317132219e+00 -2.142678934608835295e+00 1.341142745311718620e-01
1.968001221591618055e+00 -1.180513714252808599e+00 9.555230489769074298e-01
-4.770645997350175804e-01 -9.731403115988385144e-01 4.006899266364400969e-01
-2.573572325027674523e+00 6.786291647235459523e-01 7.499070821396304209e-01
-1.133528503996357850e+00 -5.077437423228476909e-01 6.523137639684596367e-01
2.592197471154519040e+00 -4.490444743750344192e-01 7.759423673403490485e-01
2.396595453038540935e+00 9.268944194264947534e-01 -8.219275863003109306e-01
1.156881357783692721e+00 -1.496001137774294332e+00 9.940566099145928813e-01
-6.691326076081515195e-01 2.385385543773458128e+00 -8.786540795570971785e-01
-7.358860738201027374e-01 7.046620314417570974e-01 -1.933014455332122683e-01
-1.167041434947470924e+00 -4.597436672373330091e-01 6.663181955844312832e-01
-3.328332363097850632e-01 -1.142965448231289871e+00 -5.870374813681307202e-01
1.076889597596418779e+00 -7.553757061136723294e-01 -7.289212744681903278e-01
-7.184559098787439702e-01 2.050622672727914431e+00 -9.849499722182435413e-01
7.028491652383926924e-01 8.680496882764201505e-01 -4.692198648682636142e-01
3.577447758635751707e-01 1.014700812189816670e+00 -3.821937272899825211e-01
2.614399108774205782e+00 -3.917530941443126968e-01 7.653728109081537889e-01
1.494004948010832612e+00 1.364455757937862446e+00 -9.997282450234848961e-01
2.008624449398792589e+00 1.502944172975133386e+00 -8.609629634011133348e-01
9.596982396296818152e-01 2.821251656893391857e+00 1.989300317169242494e-01
-2.204003042236851950e+00 2.008315875167649089e+00 1.900643650197809120e-01
5.549262460291380927e-01 -1.978673484669889016e+00 -9.984854577303498013e-01
-3.164167447319639614e-01 -9.872893905844957185e-01 2.686226168715263318e-01
-9.468028599313791371e-01 -3.219233790814567397e-01 8.385410023882503006e-03
-8.137853639625466373e-01 1.998148038321185149e+00 9.875176582845489603e-01
4.416202601478027012e-01 1.554635165266711416e+00 9.233926482426426663e-01
-1.661566585089707393e-01 1.021102954865877210e+00 -2.605267227233408200e-01
-1.402220239002923474e+00 -7.105129404361644196e-01 -9.037585843668078933e-01
2.193015703463177424e+00 -7.640065694559283749e-01 -9.466414937513352168e-01
2.326557885149692417e+00 7.994378413387946691e-02 9.447016877544015534e-01
2.393913639528760573e+00 6.578533178006342741e-01 8.758086087603196290e-01
-1.064350524739801962e+00 -2.451737689476463089e+00 7.398244290357437469e-01
9.181218886057184170e-01 -6.797957770450002712e-01 5.143116664393475590e-01
7.663336985138712310e-01 -1.489861468406174394e+00 -9.458502952207180625e-01
-5.871131676166413405e-01 8.568516797396299456e-01 2.755020298822386526e-01
-1.080160259797309452e+00 2.149973674504380527e-04 3.922943941825239866e-01
-1.858509704090618664e+00 -2.258782435087386631e+00 3.797458911659979952e-01
1.691763708718970749e+00 -4.442586043986245792e-01 -9.680188897370232137e-01
2.497964588122294494e+00 -1.647501919635496304e+00 1.235488350352777487e-01
2.566155448645616399e+00 -7.328783764346947782e-01 -7.434809550754910568e-01
2.286824026308460933e+00 -1.362248148265844672e-01 -9.567601976931466856e-01
1.334698559883395141e+00 3.088133894257532042e-01 -7.765613649491661663e-01
8.084654549651572042e-01 1.008001841029067203e+00 7.063753750975442225e-01
-1.877877974107461601e+00 8.168961745723207768e-01 9.988538843620264895e-01
1.307061980063795703e+00 -2.860920005299779079e-01 -7.495090021525003809e-01
3.925269594000276724e-02 1.901920231112085746e+00 -9.952183892656996100e-01
-4.922947608287198684e-01 -8.786542460653228304e-01 1.195184283511017270e-01
1.415876591440118348e-01 2.699467473519168159e+00 -7.110137795221936896e-01
-1.892113770911594051e+00 9.487564037530349381e-01 9.931723636194623728e-01
-6.960286118047913639e-01 -1.026111282636645861e+00 6.498099770814095288e-01
-2.186335447632756779e+00 -4.178095965834628944e-01 9.741506664741911292e-01
9.770950235006617968e-01 -9.380057707395311750e-01 -7.637288391613098471e-01
5.154897833864607870e-01 -2.664160142947179288e+00 7.005807783630528807e-01
8.543585417727681541e-01 -8.192457952982111768e-01 5.775962390032396421e-01
1.538713371743138381e-01 1.930514276193111112e+00 9.979905279552301334e-01
1.739458118515996965e+00 3.260085659602616759e-01 9.731302453628813964e-01
-4.273289789669720284e-01 -9.615332217002424686e-01 -3.189097073471467425e-01
1.445627499838054823e-02 1.953532385534133775e+00 9.989222836953398632e-01
2.832657168076319065e-01 -9.610974163651960778e-01 -6.276888718044817961e-02
-1.321838257781782211e+00 1.387513716850802048e+00 -9.964963657778644901e-01
-1.585499829703152397e+00 2.093526011111330742e+00 -7.797030727491855995e-01
1.367619639165880585e+00 -2.304356491280507679e+00 7.335506977294423692e-01
9.113724502497629887e-01 -7.854224777048542938e-01 6.041324011931972215e-01
-8.986221852995414094e-01 2.768666244618358974e+00 -4.127425127749461686e-01
2.920614267447054324e+00 -6.650131484202238541e-01 9.613688960164845643e-02
6.948398346984989704e-01 7.378225018298524285e-01 -1.637677677176211655e-01
-4.786974353815010574e-01 2.904273377271730627e+00 3.314872081083513611e-01
1.917254481032289792e+00 -2.084175229039704647e+00 -5.549272866370328350e-01
6.266326202922191113e-01 -2.883592339865599818e+00 3.095178539619511948e-01
-1.856202545278755611e-01 -1.087219947563729416e+00 -4.419321840214749386e-01
1.930888541448089191e+00 3.489593986790961444e-01 -9.992841132670275961e-01
1.057784289354152474e+00 -2.587224361356460500e-01 4.123291621812695817e-01
1.618328860965550176e+00 -2.658681235332154280e-01 9.329610274262436498e-01
-2.469630736413517713e+00 -1.624942013518171358e+00 2.924963060297873230e-01
-2.705978187983663741e+00 -4.378603507016290974e-01 6.713120135064872818e-01
8.981584357970364696e-01 -5.215381109063649268e-01 2.751556124536214676e-01
-8.279105240414644795e-01 -7.267844880881306757e-01 -4.392978629921457934e-01
-1.905429273177447147e+00 -8.270717258817552597e-01 -9.970165862811217750e-01
1.409801878964519473e+00 2.430427751520571888e+00 5.868179234119240695e-01
4.281782796643764377e-01 -1.404574523067312342e+00 8.469886277402532970e-01
-2.284863919588608905e+00 -9.222826668309380693e-01 -8.858445048091285745e-01
-2.399230669411531292e+00 -1.801023762239375658e+00 1.366601926400578051e-03
2.650135680368082003e+00 1.292126573177611260e+00 -3.172043704402811026e-01
-1.235728433734798903e+00 -1.665311364332844046e-01 6.579050417338904166e-01
-6.930735967197821923e-01 -2.264584518745183850e+00 9.297196169624293294e-01
-2.923630094776624944e+00 4.847548762414121137e-01 2.675455572920888980e-01
-1.992321976283179530e-01 9.823585531308599572e-01 6.863435033562509391e-02
8.275540207367707568e-01 -1.258283757751929688e+00 -8.694784397781174512e-01
1.394998362030266614e+00 4.244073491748526772e-01 8.404620788071509585e-01
2.643237194978899751e+00 1.115535250140915258e+00 -4.948240945134882440e-01
1.198839149874437293e+00 1.869046005329447480e-01 -6.173626663707637574e-01
-2.231932893284888753e+00 2.004539287462168584e+00 -9.963265301864268619e-03
-6.516627294319772279e-01 1.822081970568670828e+00 9.978923609816033879e-01
-1.971576107291492130e+00 1.128614356232082283e+00 9.623657270671509556e-01
1.842977756722701699e+00 -1.510940703024586718e+00 9.236770064619695964e-01
2.591973188888828439e+00 1.418795227488137689e+00 2.969978275465672835e-01
1.371589099955402347e+00 -1.779759952309909021e+00 9.690272113302889068e-01
-1.542384881939817820e+00 1.556712489181536263e+00 -9.815089627374605774e-01
-8.418904846091508354e-01 -7.576908762863109326e-01 -4.976825482384614752e-01
1.536394946732415168e+00 2.646318460171853126e-01 -8.975163131991485965e-01
-8.116161142992971422e-01 -6.023368946520312184e-01 1.459490786639918714e-01
9.888055073627780578e-01 -3.880565023188187745e-01 3.472463360396463861e-01
1.322162500425489995e+00 1.766677071172428060e-01 7.458744800276401188e-01
-5.676704593373663732e-01 -1.556920071508750114e+00 9.394015853720993903e-01
6.765272776894337703e-01 -1.597483559350122650e+00 9.642022898918810592e-01
1.268616981224730988e+00 1.395095771460721501e-01 6.900778452851314970e-01
-1.217289991545169148e+00 7.640673391633029388e-01 8.266049433576474481e-01
-6.770238613407897343e-01 9.583136194582289047e-01 -5.627014526972078379e-01
4.781387724810168272e-02 1.133709212766200958e+00 5.012837397853451282e-01
-9.415687096794520539e-01 -3.420484885883072756e-01 5.951905357275124459e-02
-5.196443755879095461e-01 -2.940265604326950832e+00 -1.677363292928679417e-01
2.034526153328480191e+00 1.328713600591731270e+00 -9.028409899896296942e-01
2.087599871078227309e-01 -1.787479996077771860e+00 9.797201467825150667e-01
-1.293691644224591875e-01 1.367034501809341052e+00 7.791337457237409447e-01
-4.133052167619197803e-01 1.326999661761846250e+00 -7.923042816790789589e-01
8.968142762597205442e-01 -6.233908639273892938e-01 4.193945936723562640e-01
-1.504189406006433360e+00 5.005200810271283052e-01 -9.099481337107144796e-01
-2.414050595131256305e+00 9.423848513557448597e-03 -9.102455010358001530e-01
-1.401164186945042189e+00 9.210743486559438975e-02 8.031241813029389442e-01
1.490940221182516900e+00 -2.153310346009323251e+00 -7.853176722238605079e-01
2.559702908377058606e+00 -5.104585779291127556e-01 -7.923207449939361213e-01
3.935709946361516942e-01 -9.677304592497180113e-01 -2.956416657066245901e-01
-8.328242340646804243e-01 -1.274619929367419413e+00 -8.786756334371337296e-01
4.242036984946505052e-01 2.968638650345126528e+00 4.910151386274927421e-02
1.663897021517944497e+00 1.187467331493049061e+00 -9.990240187715649922e-01
2.274956676550577761e+00 4.510483467885620934e-01 9.476740233400345881e-01
-2.602963865377040609e+00 9.390343088339800914e-01 -6.414489097395220663e-01
6.525721346202358886e-01 -7.619745648475554356e-01 -8.021756527301449058e-02
2.082826749203522176e+00 1.658712340318921341e-01 -9.959939090475079526e-01
5.932585992787692275e-01 2.187038188243745296e+00 -9.639525798268844259e-01
9.546969341587128177e-01 3.215351203612603070e-01 -1.213338266270873600e-01
-1.375274063953953574e+00 1.658769603138224857e-01 -7.887153757264987464e-01
1.400705931181006614e+00 -2.734525323669183550e-01 -8.196593076021261304e-01
8.235124073089326868e-02 1.035688048931985072e+00 2.763985886784531831e-01
5.640553581807535855e-01 1.087425352386599098e+00 -6.319749196991171214e-01
-1.052695188362943846e+00 7.453569961719407333e-01 -7.040547831594138328e-01
-1.396204392568118013e+00 -2.628195318901339839e+00 -2.176037891003143598e-01
-1.587698304212360689e+00 -2.271140257574860932e+00 6.367427327879104926e-01
1.193857975381537928e+00 -1.067971072756852824e-01 -5.981626103625869995e-01
7.517570409448366409e-01 1.847033696571187544e+00 -9.999829441541046027e-01
-2.037966688976507346e+00 4.903336429175524369e-01 -9.953693788313930924e-01
-8.351918851147740464e-01 2.818874536504525352e+00 -3.411748463184838265e-01
2.806564771478337050e+00 -4.070345074258955864e-01 5.488403852321797061e-01
-1.627316293796024826e+00 -2.447714705940992275e+00 -3.431057359451069044e-01
8.030745717086803515e-01 -1.070905633202271723e+00 7.500062438884994576e-01
-9.707635343320963894e-02 -2.250853555065353451e+00 9.674804060794723881e-01
-1.284071103106448231e+00 4.447901250399410311e-01 7.674781441119357117e-01
-1.356866838590352398e+00 1.916171490373058894e+00 9.375184981466275769e-01
2.014860098885070394e-01 -1.857633792730590594e+00 9.913199920517729025e-01
-4.730340175455612362e-01 2.613202042960423910e+00 7.550470996666172052e-01
2.896898132973055429e+00 -6.062095557130161572e-01 2.812083512002334085e-01
1.566163916628917852e+00 9.764353893446539034e-01 9.880107969743829877e-01
4.478493212270688861e-01 2.951124946162887230e+00 1.730484721326537856e-01
9.639992350886756878e-01 1.587307924637776368e+00 -9.897379310894476312e-01
8.325522511084498811e-01 -2.039642762771026074e+00 -9.791751212988559772e-01
9.440268542178545941e-01 2.642604454704672090e+00 -5.916949189247798779e-01
4.487998923630391879e-01 1.068301560133374961e+00 5.406382603724523284e-01
-9.835242074117942490e-01 3.363391381502058297e-01 -2.780867132764856531e-01
-1.975146174712527625e-01 -2.951307780827068683e+00 2.870697753037316224e-01
-9.308007080935301047e-01 9.524457263629200199e-01 7.439316426559480222e-01
2.267460680073698498e+00 -1.550760210655270477e+00 -6.647777798568975660e-01
2.271794218711522984e+00 -1.603466954633076869e+00 -6.249368300158529843e-01
-1.791313498286816186e+00 1.157354151913619678e+00 9.911605364420132958e-01
-1.830905219506921533e+00 5.377249438478919341e-01 -9.957807206305208103e-01
1.055286342849189873e+00 1.310858718258260058e+00 9.483749634463817246e-01
-2.337372933801650454e+00 -1.848211469297598386e+00 1.999882622856626879e-01
-1.656566717147411216e+00 9.820685383427455450e-01 9.972427287415969177e-01
6.446869817275284742e-01 8.135098451722978519e-01 2.730079867934961935e-01
-2.204948861016435391e+00 1.271571804796097771e+00 8.382227837627405087e-01
-7.294195696825929165e-01 7.923591072874879293e-01 3.847519082034264182e-01
-1.938151297789164396e+00 2.273323737385875898e+00 -1.583773295567894035e-01
-1.381885006894311152e+00 8.629881132640498942e-01 -9.287203422732140945e-01
9.688830088361773951e-01 1.365953885836731940e+00 -9.456051360908598324e-01
-1.412922689387661634e+00 -1.207230700215147917e-01 -8.132393994604831811e-01
-4.682178775956867267e-01 1.250838459271549352e+00 -7.473763325663973500e-01
5.380538317747849408e-01 1.303001976406960916e+00 8.072000158575404205e-01
-3.661172388164029012e-01 9.313323689417070117e-01 -3.769355299688040978e-02
-3.535589173831855669e-01 2.694688926776041882e+00 6.962653821760685924e-01
5.065168798322967625e-01 -9.137782811402004324e-01 -2.958731122763117449e-01
7.129811668618134535e-01 7.032727302777170841e-01 -5.413296216791371740e-02
9.989642604305450924e-01 6.888877105055342120e-01 -6.175449487260730175e-01
8.407163370681934866e-01 2.718241760648107963e+00 5.343169531127075489e-01
1.049782943748127195e+00 -6.461530279730660631e-01 -6.412925303562877488e-01
-8.047232698030905018e-01 1.248628715456530980e+00 -8.574788591101094593e-01
5.855833634113301045e-01 1.308519879042711942e+00 8.241120627290506873e-01
2.470559167136976875e+00 -3.387255777938039669e-01 8.696484560601766001e-01
1.130557816363776613e+00 2.407722017764387878e+00 7.513173996153071910e-01
-1.626489008139820891e+00 -2.520200811571938981e+00 -3.225334288394277743e-02
1.037242351212739555e+00 -2.599042919188048195e+00 -6.021621987374087270e-01
7.933814433948417344e-01 6.446614010834630371e-01 2.098815105010535254e-01
-1.249697403833420761e+00 -1.285611478737876678e-01 -6.685054848237081959e-01
-1.458629199708714408e+00 -9.225406605254972137e-01 9.616970343354779294e-01
2.759985142928552460e+00 -7.619304441588445886e-01 -5.048197939680033608e-01
-8.792654000699442474e-01 -4.825613262659861902e-01 -7.717053595388681519e-02
-3.437484847699258106e-01 1.980126238665796290e+00 9.999525455065508828e-01
-7.145246290749115436e-01 2.153824598052930916e+00 -9.630696846504861464e-01
8.221728295720430735e-01 6.008133398261902292e-01 1.904591653106950944e-01
-2.431422532952184912e-01 -2.167846550353850876e+00 -9.834021711304350433e-01
9.424584314511925687e-01 -4.293836369976734013e-01 2.646780672330934503e-01
2.754948581814963493e+00 1.277748376086478010e-01 -6.523590164890872289e-01
1.021690576837862352e+00 -2.547500014141929281e+00 6.673526358517177792e-01
2.711200824639663498e+00 -1.093047896556751830e+00 -3.842108120482674027e-01
-2.828633860752633122e+00 -4.352754329899118785e-02 -5.592949296549106775e-01
1.236718629723485147e-01 1.389788341740302746e+00 7.964381701854560403e-01
-6.170375240249212911e-01 2.391120928318114291e+00 -8.829578414773149309e-01
-1.787512839542420240e+00 -5.244583756132856767e-01 -9.905520968968613005e-01
1.344500072429181792e+00 1.185141357762690140e+00 -9.781867198542476549e-01
7.773087290944175054e-01 -7.678470502109716600e-01 -4.202909722555572269e-01
2.030644916579549708e+00 -2.204880318515764159e+00 -7.064351832355872385e-02
9.342797213825850822e-01 -1.765026078447199387e+00 -9.999956390986872723e-01
-7.519053166225808660e-01 -2.596942212472808986e+00 -7.105930520848442455e-01
-1.519020538995836889e+00 2.425421976464845475e+00 -5.071900624570486737e-01
4.561241223317862303e-01 -9.880330483292362187e-01 -4.107154558879314021e-01
8.406480229866453158e-01 -7.232361265982062415e-01 -4.538958617236362181e-01
-1.138506800020258503e+00 -2.498246179236870645e+00 -6.665745824144897469e-01
-8.538073642568398958e-01 -6.756977850046036460e-01 -4.120344201405296003e-01
1.684464550805907512e+00 -1.086668809918026168e+00 -9.999895927567195031e-01
-1.352687964184448255e+00 -9.053605118116145323e-02 7.647849708789632439e-01
-9.002724152003008795e-01 6.276076870903609661e-01 -4.305710522575823540e-01
-1.596164163279888193e+00 1.161653643374108036e+00 -9.996652497752042121e-01
3.027346777801574393e-02 -1.055758899170731180e+00 3.304966917924210268e-01
-1.338063501475963424e+00 7.155250311629571813e-01 -8.758204021791080596e-01
-4.790968186687141195e-01 1.248429790129842232e+00 7.487987456556511878e-01
-1.511265065647592554e+00 1.126543728475824402e+00 9.933592831706040682e-01
5.685208402279526840e-01 -1.430336007218883765e+00 -8.874939529270137184e-01
6.269259495831461804e-01 -7.964755479218079692e-01 -1.644349943360459976e-01
-8.417078206764160297e-01 -2.201659250060989059e+00 -9.340779098636234901e-01
-1.698115126714917711e+00 -1.483962238843633541e+00 -9.668992953720351169e-01
-5.457878300044310960e-01 8.712919267919321253e-01 2.354831860003194777e-01
-1.574420636815656027e-01 -1.017451310989256230e+00 -2.413452033978446265e-01
-1.211268495351518482e+00 -9.923678296009222355e-02 -6.199096856412296130e-01
-1.779002542118886199e+00 1.715852493672255674e+00 8.817916774131485669e-01
1.257395843483124720e+00 -2.539835959658471420e+00 -5.516964324029640654e-01
-7.355437609251408437e-01 2.790660484739699410e+00 4.637466200436490826e-01
2.228585884970036624e+00 1.882457149746693315e+00 3.983544497652425909e-01
-9.289497586267446705e-01 -3.711603003652156896e-01 -2.659647238903566080e-02
2.357369760633802880e+00 2.397556842507954367e-01 9.292185859930496283e-01
-9.151593781096245550e-01 2.164193585347128579e+00 9.368489880069402753e-01
2.244951110736395083e+00 -9.359211727049407403e-02 9.690406599187408876e-01
-8.759926690436732333e-01 -2.847787118407034690e+00 2.015792576850073126e-01
-8.720852835661446756e-01 -1.033114633281783545e+00 -7.616260458643520082e-01
-1.726138024717389863e+00 -1.748224146594247408e+00 -8.895721508142068190e-01
1.382166997889994642e+00 -7.036724000240305310e-01 8.935219486749685913e-01
9.478187691502226730e-01 -4.621075454126327142e-01 -3.255305964520187056e-01
-1.413966771299524749e+00 -1.436759222309723194e+00 -9.998746643016777069e-01
-8.036714973085629099e-01 -2.788545278568230312e+00 4.316393145610861737e-01
1.764300781687736297e+00 -1.588542416254512812e-01 -9.735293142854969384e-01
-4.707444291255329927e-01 1.131954387914922089e+00 6.331083419794643063e-01
-7.835465709149990188e-01 -6.384733716554730210e-01 -1.461602534817688370e-01
3.509971909175180760e-01 2.566852086155985813e+00 8.068626973773785904e-01
2.550844276216324591e+00 -4.715268727352155409e-01 8.044211847298476936e-01
-2.447181065554241974e-01 1.037926742956440274e+00 3.582801997234378866e-01
8.003152349890304551e-01 2.724314892292680756e+00 -5.434587436063414989e-01
-1.321238576876112347e+00 -2.488413989895509548e+00 5.760370737207345382e-01
7.762685245407218160e-01 1.062311262722622107e+00 7.292118482408157520e-01
-8.319595883473810405e-01 -5.639499795523975623e-01 -1.007204884065827505e-01
-1.039570284990963822e+00 7.013454806034241651e-02 2.865456515237903012e-01
-5.213324872964386625e-01 -8.898501207111023659e-01 2.483121493426034831e-01
2.469932119489446631e-01 1.712175078615738366e+00 -9.628318807777879185e-01
-2.811006179661358573e+00 -5.608821386938549480e-01 -4.993216970109657926e-01
2.626179729296666820e-02 -1.081698947011291434e+00 -3.966213422435837521e-01
-9.614933126236130390e-01 -4.724210017851761534e-01 -3.707936959661182197e-01
1.169453059638137615e+00 -2.238773102294547290e-01 -5.873810777016168494e-01
-2.090857302465296108e+00 -1.113856716522949375e+00 -9.294126313015973473e-01
4.616326613589302186e-01 -1.777502112521066824e+00 -9.865381998204293401e-01
1.373075861828235503e-02 1.038990088824652380e+00 -2.768290417086203270e-01
8.960117490636982929e-01 4.564338740024503349e-01 1.053893217485665917e-01
-1.774590742197645676e+00 2.078645525846558595e+00 6.801003725550777146e-01
2.044081079991234784e+00 1.300663922273725737e+00 9.062197201765176402e-01
8.967503475214967379e-01 -6.878582948031701783e-01 4.933718419364582219e-01
1.469389924268008407e+00 1.177920372323364218e+00 -9.931604795936904706e-01
-9.846737267640351954e-01 4.656185255441303572e-01 4.128745189163963714e-01
1.814864812100437375e-01 -1.792631805238497078e+00 9.801606389146639842e-01
6.806194388168625986e-01 -2.918489955679330006e+00 7.990225839487739845e-02
-1.546078271637974400e+00 -2.993158999272865772e-01 -9.050924079299075276e-01
-4.937622165630529136e-01 -1.391531331790080817e+00 8.520482116109997506e-01
1.460351246586163887e+00 -7.940016461055833252e-01 9.412347031445318368e-01
2.773560624121791829e+00 -4.871851825178982742e-01 -5.780188298406576664e-01
-8.167392028277001836e-01 7.893823608859488195e-01 -5.032586669806435875e-01
1.474982137512506064e+00 3.383817624272483227e-01 8.735687430170803180e-01
1.866045052169201579e+00 -1.325692826710392902e+00 9.573248365831319440e-01
-2.275665317060457937e+00 -3.922790731159065403e-01 9.509878213678286674e-01
-5.888822033467159267e-01 1.762041942689466456e+00 -9.898438693774010977e-01
2.586289801738243521e-01 9.846701235875046088e-01 -1.892385646221356466e-01
-1.161014503810938292e+00 1.768971469747490088e+00 9.932558698367766059e-01
-1.891814944159434297e+00 1.547900885799599058e+00 -8.958416997866670561e-01
-1.284126582113575887e+00 1.331662716728286178e+00 -9.886780677471026513e-01
-5.631373953596525983e-02 -1.238366071818566061e+00 6.495086794388489349e-01
-1.896312396410571255e+00 -1.328217992364451039e+00 9.490243574140048155e-01
-9.520986459545198732e-01 -7.954078228261146633e-01 6.506602943144038642e-01
1.974862758893144443e+00 1.432821099336160975e+00 -8.980520629613784056e-01
1.581443792603243415e+00 -3.654411022351174987e-01 9.262612327724999428e-01
3.018081200956766463e-01 2.450734174842635227e+00 8.830663784091465907e-01
-1.831451901751368183e+00 1.347976543571912655e+00 9.617183630837015107e-01
4.985977363514762506e-02 1.058013622639322859e+00 -3.389283528368383092e-01
-8.551870840579712807e-01 -2.454719900764387841e+00 -8.004331730779922216e-01
-2.720835303914203696e+00 -1.192813915655707158e+00 -2.398241305596769957e-01
-2.960094292145922346e+00 -4.253955291597117938e-01 -1.374774061927236668e-01
8.550426972636845369e-01 6.885501295436257108e-01 4.313507570174621164e-01
-2.291821063076300735e+00 -9.226749418974173889e-01 8.823565456671258467e-01
7.544582670053100459e-01 1.626858877575533491e+00 9.784015533471671633e-01
-2.300349455978891289e+00 -4.874502346444896106e-01 9.362147750373087662e-01
9.778971479731561889e-01 5.778868912191332807e-01 5.032954398101101567e-01
-5.503843610470566805e-01 2.460269137642550064e+00 8.535075003720574705e-01
-6.717678574470322683e-01 -2.061668220041971367e+00 -9.857270400986486436e-01
9.147177172916760579e-01 -8.930096538152070273e-01 6.922564782233405767e-01
-6.465678898266362662e-01 -1.583402987905882187e+00 9.571253727395166999e-01
1.789437842113631216e+00 -2.139762336165737633e+00 -6.138980085363047179e-01
1.943363344008089078e+00 -1.670597384038321920e+00 -8.266445254559917633e-01
2.169994726527226359e+00 2.607505408624491428e-01 9.826244912643347096e-01
9.678590276557790251e-01 1.118651284996054818e+00 -8.536991678193054378e-01
-6.332376724982627936e-01 -1.784247353659562663e+00 -9.942896638806109078e-01
4.983102373736811863e-01 1.341743911615919549e+00 8.225378048380450613e-01
3.545901357196208359e-01 1.020929817956682362e+00 3.936864801299267413e-01
2.980697366565351336e-01 2.165543975152871337e+00 -9.825570924344969592e-01
2.112602603222539788e+00 -2.314518343890605012e-01 -9.921260398151797721e-01
2.724444800840315040e+00 -1.204208566366549382e+00 2.052444004137395916e-01
-2.596626039513459272e+00 1.083482852881006098e+00 -5.814108530928263630e-01
-2.961003646892486074e+00 4.075125002296382526e-01 -1.484870165973949663e-01
-3.625037599584089443e-01 -1.984770550191942817e+00 9.998450497495664502e-01
-6.632842092864331685e-01 -7.564879862298194979e-01 1.102080031280380651e-01
1.712859812229229117e+00 1.214324674605295584e+00 -9.950239098510031965e-01
6.672181047218576078e-01 2.835651317139671335e+00 4.077561416158397845e-01
1.509000888743169400e+00 -2.574516341493244820e+00 -1.772758585394774433e-01
9.932949527109695698e-01 1.558854172759541190e-01 1.042864448807239025e-01
-1.586896465518338628e+00 -8.664328908374158145e-01 9.813993805775291790e-01
2.096264790838885617e+00 2.145835586607558021e+00 -1.882816234299585292e-02
-9.688527588700148740e-01 -2.013550427037687385e+00 -9.721123010699662670e-01
-8.090296420657203669e-01 -2.549536380087976450e+00 7.379819041029721527e-01
-7.444022927532280010e-01 7.681518880883559941e-01 -3.667213041303021281e-01
-2.357967639729833920e+00 5.338702655983761369e-01 -9.086082429123479853e-01
-7.487131226637105952e-01 -7.206852965636794117e-01 2.772790959027507940e-01
-2.266882181714947375e+00 6.539289539355204184e-01 -9.332154688768582451e-01
8.004211694331361260e-01 -2.165700168212375321e+00 9.511007072207081636e-01
-1.877441475830243567e+00 8.826631333633845333e-01 -9.972150603544625014e-01
1.833690831686498601e+00 2.156690626547457315e-03 9.860738726843044644e-01
-1.542089178033053454e+00 -9.206836718518564000e-01 9.789756134544111976e-01
-1.975060152434868321e+00 -2.165703027163643046e+00 -3.648576259869719118e-01
-2.485570534964266720e+00 -2.191988022294219796e-01 -8.687691869611908757e-01
-1.002722359748311254e+00 1.747993401742696171e-02 7.577038304436053973e-02
-1.783592739341547828e+00 -1.077178195969007879e+00 -9.964968363629166381e-01
2.219249968253731442e+00 8.842163244614875683e-01 -9.212741671048770842e-01
1.850048929529941155e+00 -1.410359976560986661e+00 -9.452570180425288182e-01
1.991605189266168363e+00 -1.888540708702962867e+00 6.674605125099343228e-01
-7.360133966930170191e-01 2.885370716579920281e+00 2.097071371319194355e-01
1.758151936645181213e+00 1.137904269473410501e+00 9.955476276404109370e-01
-5.776511883684444237e-01 -1.367251577204137813e+00 -8.567512384028050931e-01
1.890692120796029885e+00 -2.309849933355956786e+00 -1.726514486384612967e-01
2.617121912914184723e+00 1.742386078412821726e-01 -7.822890552809962372e-01
-6.292189471997298167e-01 2.097720237593817316e+00 9.817731895670970266e-01
7.033596724140193102e-01 -2.330449393897185306e+00 -9.007789129050457477e-01
5.227552675599691501e-01 1.737646473671255798e+00 -9.826587265915472935e-01
9.809476937700759569e-01 1.691288421412163512e+00 9.989949190349558528e-01
1.394031692062589270e-02 -2.239107446515732569e+00 9.709824278385996710e-01
2.955980682781091939e-01 1.075926623707306851e+00 -4.670972091177458263e-01
1.489570782408623062e+00 -2.443577817892671256e+00 5.072498772557668678e-01
2.695802543175677801e+00 -1.310492913214587496e+00 -7.128354109400902860e-02
2.242518806457434621e+00 1.165083481939139576e+00 8.497939743782146893e-01
1.939231003554040766e+00 -1.920113375302208603e+00 -6.845114990475783534e-01
-8.400262981857997691e-01 8.086928991922393006e-01 5.518113574299271518e-01
1.189643219938231411e+00 2.737482847683489595e+00 -1.736614683111348811e-01
2.205468675426998981e+00 1.553551348724888870e+00 -7.163848951737428195e-01
-1.229069693883818370e+00 1.087537547907758029e+00 -9.333925370413298506e-01
1.205507069253889840e+00 -1.857522322563470718e-01 6.254478942580875556e-01
2.074092953864567601e+00 2.072181185677893112e+00 3.628209502886236559e-01
2.892366823931370234e+00 6.166340554654540229e-01 2.888722684877154112e-01
8.469926118179618157e-01 -1.804539016063521295e+00 -9.999784080547388099e-01
-7.669793155512497629e-01 2.889837519504292462e+00 1.418652570662836676e-01
2.937352109304206760e+00 6.026069104746522020e-01 -5.423149804109862054e-02
1.388135736773919326e+00 -2.577615429128650160e+00 -3.734984492305750692e-01
-6.747575013252015141e-01 -9.404112706826344148e-01 5.386049874924563330e-01
-1.310821579291168382e+00 5.871616822316367834e-01 -8.259925214503605062e-01
-1.468928461616888947e+00 -3.571593962639839082e-01 -8.726900405169923935e-01
8.184976307166029752e-01 1.455288940268616216e+00 -9.438661715593070767e-01
-1.878175920598552651e+00 -2.146631865111538584e+00 5.230652932214111539e-01
1.213158559503855760e-01 1.137006412139004663e+00 -5.160808928771337678e-01
1.475680830660476062e+00 1.315051071539502070e+00 -9.997264528788730731e-01
2.417075766157795069e+00 1.385133771980587403e+00 -6.184421044667742784e-01
-1.660493193509459675e-01 -1.128250176739089117e+00 -5.109739533690443869e-01
-8.800278132958552213e-01 -7.091634381896639860e-01 -4.934120191457897486e-01
1.004465749871577440e+00 -2.070827656894031199e-01 2.247777234895443899e-01
2.855300409456440480e+00 -2.013609032066421556e-01 5.062414799826600031e-01
-7.437351441481292458e-01 7.049637667221297921e-01 2.211121704481462114e-01
4.284315376000164544e-01 1.792622570434969198e+00 9.876158587422495527e-01
7.247210137065377422e-01 -2.900917179279084213e+00 -1.405488175762821534e-01
1.225244477184723069e+00 1.686424500682202288e+00 -9.964212133723557852e-01
-3.912192388210470884e-01 1.005473739062116900e+00 -3.893312497168389674e-01
8.454694206750177354e-01 -6.077183603044339355e-01 2.841511677805637071e-01
-1.545938997751030927e-02 1.109481618122874824e+00 -4.551580128208902454e-01
1.159934931459256358e-01 1.606014596214946355e+00 9.208986622897765706e-01
-8.111195522714426120e-01 5.870167915025112926e-01 -5.000511363407529608e-02
6.936734722000802433e-01 2.177349334691026428e+00 9.584749304158550753e-01
-1.569458948970422485e+00 1.289123083258399083e+00 9.995187832905362280e-01
2.778460713325731746e+00 4.930942330960013664e-01 -5.696659949800489953e-01
-1.850514433761316191e+00 1.908450887868439416e+00 -7.527508133763186615e-01
-1.278176839303118983e+00 -1.461299512721278449e+00 -9.982830298194075302e-01
-6.923001393551611038e-01 1.988564795487919756e+00 -9.944057108994928118e-01
4.774205672547216506e-01 1.140121070838402195e+00 6.452691462119996002e-01
-1.180098768763996775e+00 -1.104678158599497334e-02 -5.725790344102215101e-01
-1.214483445231856029e+00 2.656456887170420167e+00 -3.897680022099226926e-01
3.472349704564957618e-01 -1.830976911125268725e+00 -9.906554557557660790e-01
2.300902015630613473e+00 -1.924438053588294784e+00 2.821214569249852130e-02
1.986159497977866506e+00 -1.712988827582892393e+00 -7.823688772407768610e-01
-6.047507056167744643e-01 -9.175683339022077112e-01 -4.336811591539259658e-01
-1.789933072840570238e+00 1.198743210099125989e+00 -9.880299434553200255e-01
8.372916624781212569e-01 -1.712749939720876746e+00 9.956150283838320902e-01
-1.432816274389223432e+00 -2.635189722212866403e+00 -3.061705526779565437e-02
1.024955199979440845e+00 1.810057911172221479e-01 2.827799480504596952e-01
1.706706361128407901e+00 -1.341713738142545020e+00 -9.852789677034459181e-01
3.636892874986256130e-01 -1.491149001850326394e+00 -8.852371363997528775e-01
2.267535139249670373e-01 -1.018290858673868815e+00 2.908528532094868391e-01
-1.019185766306030194e+00 4.952773638692017921e-01 -4.985769861454318330e-01
-7.733999223487821872e-01 -1.220180095586967273e+00 -8.316105500157042751e-01
8.859481218046331152e-01 6.833222729214291080e-01 -4.728435697240872537e-01
-4.133223376191959564e-01 -2.433014678777042583e+00 8.837958554587889148e-01
2.789274824767143723e+00 -1.078218162471744179e+00 1.380917230785227157e-01
1.136816025547006254e-01 -1.396354821130142421e+00 8.007301469893214341e-01
-5.860431193682850981e-02 2.925978127199793555e+00 3.761347824153264408e-01
-3.698933887772601903e-01 1.318287795378448424e+00 7.759440342109207300e-01
2.748616731644680233e-01 -1.769499000733222749e+00 9.778556097229965660e-01
1.330289758759797714e+00 5.307971041894449932e-02 -7.435757561236329138e-01
-2.003133695168826944e-01 1.488732922939566716e+00 8.672624923014459197e-01
1.013363148526720492e+00 -5.705228714358284714e-01 5.470925330110051332e-01
-4.795088026759242728e-01 -2.771138934800262632e+00 5.832129973645341359e-01
-9.782925094555441348e-01 2.835931938788706308e+00 1.202489149299610510e-02
-1.095459547758121266e+00 2.270223254101024768e+00 8.537376933669118539e-01
5.790284194237652615e-01 8.235867447873687075e-01 -1.160930516568826759e-01
2.553657557745462992e+00 -7.039454082269620550e-01 7.608680915755391405e-01
-2.009168763350785092e+00 -2.033942984817879385e+00 -5.120336254346476990e-01
1.511784262163691661e+00 1.908845561086008225e+00 -9.004346158433707004e-01
-5.313290599386920610e-01 2.634166933192426452e+00 -7.264502968473236511e-01
2.914656156773335338e-01 9.877947182644677415e-01 -2.426989656614802482e-01
-1.046462430356132511e+00 5.105010599532646687e-01 -5.492518677886409906e-01
8.519072962063841681e-01 -9.191872038054138550e-01 -6.651118172270283901e-01
1.722351660875003798e+00 -2.287454311515440430e+00 5.045549975140367627e-01
6.509313612586560549e-02 -9.979473059251906530e-01 -1.165901087535650693e-02
-2.233305732498310991e+00 1.997782873734212261e+00 8.403188838970147845e-02
8.643264676147567327e-01 -9.599957016760579664e-01 7.059748856497731762e-01
1.616305346853340374e+00 -1.996461090064326038e+00 8.225342308030038074e-01
5.347360434601782231e-01 -1.659275580846356846e+00 -9.664944236300411218e-01
2.285367030954433609e+00 1.943464810706224677e+00 3.744474811400186429e-03
1.947812562585874652e+00 -8.207965792081801659e-01 9.935163974509263474e-01
6.963644192717686199e-01 1.197494097432334703e+00 -7.887214527971641020e-01
2.803268257938883679e+00 -6.635444832416239613e-01 -4.736190571118155668e-01
-9.742484257645606105e-01 -1.485010547265544600e+00 -9.746046919397076680e-01
-1.751230838280945390e+00 9.813248224131250197e-01 9.999723367094286441e-01
-4.846890878258775515e-01 8.748611385395426154e-01 1.747789801388674111e-02
-2.316188788423915734e-01 1.098866063500600010e+00 4.805106337440871456e-01
-8.953392745729392699e-01 5.201091106196785718e-01 2.638811056575576242e-01
7.948543355071628902e-01 -1.059473692681065282e+00 7.373522642461187715e-01
7.036469766376439727e-01 1.104704535498301166e+00 -7.235877559514592994e-01
-1.856107967676456916e+00 -4.757051405235236397e-01 -9.964740245819779796e-01
-1.493882242656481951e+00 -2.553967234353538451e+00 -2.841188308966684506e-01
-2.088373845311403798e+00 1.505517481992574069e+00 8.185266698696923582e-01
-7.199244948303348268e-01 -8.217623153826553173e-01 -4.200800916757320147e-01
9.988618059963270124e-01 -2.798186968507039740e+00 2.385770905514450757e-01
-2.029101689355799376e+00 6.565451904066521571e-01 -9.911595143080063064e-01
1.443976799781192311e+00 -4.236255553745911229e-01 -8.687988087851689079e-01
1.419830273785257710e-02 -2.198914227915406805e+00 9.800075979228284329e-01
-1.413155707761124980e+00 7.405184368009940510e-01 -9.145042228622869418e-01
7.535568475721756698e-01 -1.677782885865007012e+00 9.869935074160358646e-01
9.860708802921966942e-01 -8.565950044636850835e-01 7.201427790010318519e-01
1.987843967600312067e-01 -1.233791569641429442e+00 6.611005844967083878e-01
-1.113523319717930171e+00 -4.698128154540937018e-01 6.112688195160584925e-01
1.894130289976987847e+00 1.285745444415403060e+00 -9.572400381551142701e-01
-2.129177049396888677e+00 -2.012882338221638090e+00 -3.674773786327389380e-01
-3.691097196498752675e-01 2.663610345174376892e+00 -7.247010476933767320e-01
1.821708145327316952e+00 5.729478702758428188e-01 9.959130841185326322e-01
2.837633257344192028e-01 1.407060968560173597e+00 -8.253572921987375466e-01
-5.411226772732853352e-01 -1.240010433882829943e+00 7.624368833503429865e-01
2.937689649069020525e+00 -2.956304700382374473e-01 3.044529788801039749e-01
-8.111333322053008166e-01 2.850518541393483041e+00 -2.670632465818867374e-01
1.113651509217721963e-01 -1.154130933767426814e+00 5.417982720419441955e-01
1.682113186999409038e+00 6.987284993380830089e-01 9.839331404522559943e-01
9.691477680012392515e-01 -2.839105001153381824e+00 -8.858011921854107643e-03
3.723403444868899070e-01 1.408372388999079128e+00 8.395775480895724119e-01
-2.531406949154285879e+00 7.336302235880123312e-01 -7.720424313079298217e-01
-1.333495868376218807e+00 1.298049900022148206e-02 -7.455578129252978803e-01
-1.292466012001525888e+00 7.959723653892458728e-01 8.761198197351386385e-01
-1.117437270987421849e+00 -1.477922056020934960e-01 -4.880215049236638625e-01
1.062596639994867420e+00 -1.494570369223378603e-01 3.751995307841846095e-01
5.692474818002745129e-01 -2.299897045353349601e+00 -9.293113551313242349e-01
1.133443058867642739e+00 2.412021014929012885e+00 -7.467909737203356491e-01
-1.811088275771209011e+00 -1.160300627366001036e+00 -9.885501866608231714e-01
7.691454390709610012e-01 -7.380977601786746778e-01 -3.572938616853699734e-01
1.230324193687463374e+00 1.654724587048888917e+00 -9.980766452315001924e-01
-2.145532575984431922e+00 1.341203176358325699e-01 -9.887283586893886866e-01
2.599079615036921087e-01 -1.033886351007563986e+00 -3.574165987147315260e-01
2.923387921168783432e+00 -4.453260159978195132e-01 2.897177157557889737e-01
-1.022479364600364926e+00 -2.080990461147315340e+00 -9.478835005787391577e-01
1.154936363861230886e+00 1.422853573042395903e+00 9.858875566555955761e-01
-2.872469840029674426e-01 1.030654871579818721e+00 -3.673942915126683362e-01
2.447155014274284390e+00 -8.878415581268507273e-01 -7.975638139902823109e-01
-1.893059011877355369e+00 -9.412379374800635690e-01 -9.934643125437000455e-01
1.316708229244949679e+00 -1.077227800225373455e+00 9.543211707293391965e-01
-5.100180625348058605e-01 -1.060276952697835728e+00 5.674108825454580174e-01
-2.363608403739039243e+00 -1.771546017037112009e+00 3.003963041301605519e-01
-1.012392006859391236e+00 -2.541799394431916159e+00 -6.769843696880858408e-01
-8.716197496787377874e-01 -2.789880918740208937e+00 3.851167516784919642e-01
-1.596804583911174635e+00 9.816047778170476634e-02 9.164360581247245063e-01
1.716459849978029251e-01 -2.467413118335166633e+00 8.808603581723364329e-01
2.283259790959740521e+00 1.922081257717464853e+00 -1.749784139124264115e-01
2.331254648391956952e+00 1.804521147291855643e+00 3.180981030844479140e-01
1.373964703242314345e+00 6.146121411128824263e-01 -8.689879758572409685e-01
-2.679008256853117498e+00 -5.038020307277316645e-01 -6.877284438847961479e-01
3.187807655926135769e-02 2.290089467021187986e+00 -9.569322509407203192e-01
1.645059437690931936e-01 1.097237920174807702e+00 -4.549858954577716830e-01
-3.334265046601030957e-01 -1.121228987173349845e+00 -5.573992194784673782e-01
5.055595690284175880e-01 -1.038382233079193417e+00 -5.346316153837123997e-01
1.214812303176349362e+00 -6.105658551282233670e-01 7.680561064240253311e-01
1.330804471031189040e+00 2.639109600031932068e+00 -2.944646709451551048e-01
5.942421370804444880e-01 1.824804585667024082e+00 -9.967241404676947525e-01
-9.457716715892963144e-01 1.654264783245175785e+00 9.955284918409754713e-01
-4.915310393901989316e-02 1.625050722502022760e+00 9.273455728785755525e-01
-1.918430458831883234e+00 1.753548251481575004e+00 8.006762125182106393e-01
2.869503650629699809e+00 1.646278840974856883e-01 -4.855259601386445190e-01
2.806669720443957239e+00 8.114674423538774384e-02 -5.893983670461583335e-01
-8.516888359215895044e-01 -9.656281423283287202e-01 -7.017333575126066814e-01
6.844320462561844787e-01 7.309392627361573913e-01 5.211275387474327558e-02
-7.229309317390298917e-01 -6.909799879414696422e-01 -9.081431586863069477e-03
-1.066498109809152162e+00 -1.278726145816406090e+00 9.422537575976993596e-01
-9.099886257714526749e-01 6.415287555544459952e-01 -4.625187829351091739e-01
1.979434948020411866e+00 1.705815683180086806e+00 -7.900530857072387558e-01
-2.475789546527672247e+00 3.046082526794355871e-01 8.692015960516676909e-01
-1.191485902549732190e+00 2.395135074514842088e+00 -7.377004577564530985e-01
-2.176080494098301621e+00 3.900020745170487135e-01 -9.775393895052632010e-01
2.235444071018087620e+00 -1.662676008457797616e+00 -6.182480110078549806e-01
-5.003005118737199192e-02 2.641108117706629788e+00 -7.670545133702982854e-01
-1.144090364848374008e+00 3.808953951305239505e-01 -6.076946140805087326e-01
1.425631153565993126e+00 -2.419696462471479848e+00 -5.885737263616983572e-01
-2.920846777953302276e+00 -1.413168583935970057e-01 -3.817554086335020469e-01
8.634425401229144370e-01 8.705851084267657303e-01 -6.333727118097862707e-01
6.520060567099728033e-02 1.368499430125962313e+00 7.766371145108766916e-01
-9.015481708728105836e-01 2.834923594731316498e+00 -2.229734644124627130e-01
-8.547295938920609348e-01 8.034626844315643224e-01 5.623185035368450935e-01
-2.991304038298363110e+00 1.544122112049489959e-01 -9.697523889465048397e-02
1.142160929356786037e+00 -1.585932891825697078e-01 -5.317824421591264006e-01
4.605368809952838927e-01 -2.911987854211501858e+00 3.177325760402588406e-01
5.900228784425016748e-01 2.407933048923369679e+00 -8.777238021358066966e-01
-9.450984424368950032e-01 -3.975691074207871045e-01 -2.235855382267647462e-01
-2.460670251936797115e+00 8.657670658515156381e-01 -7.935276433618000391e-01
-9.404612845501426621e-01 -4.456028837555542910e-01 2.823446468669509879e-01
-1.523994866600591469e-01 9.883417965507749203e-01 -6.716347669267650096e-03
-2.078109266670376265e-01 2.639089264440765970e+00 7.622705842988264369e-01
-3.046798951633108987e-01 -1.233310841938462854e+00 6.838612542468112121e-01
-1.499744221654424781e+00 2.548012028567827603e+00 2.913407007196856524e-01
2.105723122040731088e+00 -1.317966609324070060e+00 8.749733628525340201e-01
-1.023655971253439212e+00 2.503378508663370194e+00 7.096204299116798397e-01
9.469560655649725822e-01 -2.234939467139245295e+00 9.041201289005134090e-01
-1.067778310595856484e+00 -4.803569994033415891e-01 5.590284954362237935e-01
8.602268906451069341e-01 2.841508833171555004e+00 2.475873864109371936e-01
-2.168032558226545281e-01 1.361596528403039574e+00 -7.836116217701666331e-01
-1.441043047482754691e+00 -8.997900165444315812e-01 9.535894039486082496e-01
3.756417155953255538e-01 -1.076749486971014358e+00 5.109557482897870706e-01
2.333805668802328093e+00 -1.074977762419184968e+00 8.220053744761702808e-01
-2.577425992598545434e+00 5.186144118753890364e-01 -7.773368695342530721e-01
-2.795463331142911123e+00 -6.117994035806323394e-01 -5.075406487199770611e-01
7.238630192794675011e-01 -2.865566327165658400e+00 2.947346423056637632e-01
-1.087675262862878522e+00 -7.556284563386435060e-01 7.372602272344019880e-01
-6.269919229720954945e-02 -1.007477451633032928e+00 -1.369827863065100626e-01
-1.042106834153027517e+00 1.291589317777150470e+00 9.402717210560901373e-01
-2.838759254368639517e+00 1.836845582482714845e-01 -5.352466975501100066e-01
2.112863789352084964e+00 -1.487386390691021187e-01 -9.930025782332696505e-01
2.368322238598747465e+00 6.042924888381645543e-01 -8.959270449991448837e-01
-2.353165007186872881e-01 1.309194195836940189e+00 7.425182456151148136e-01
-2.062833299855278746e+00 4.818817250938716712e-01 -9.929695646589927760e-01
1.973456195468142438e+00 -1.751442491616563846e+00 7.695592600905272196e-01
-1.906125846494854281e+00 -1.987404121828023174e+00 6.571713050387120170e-01
-1.637558249847011593e+00 1.656896665293400073e+00 9.441306038009210644e-01
8.812097742352316132e-01 1.110427893751281037e+00 -8.129000848725772554e-01
-2.151115550608859728e+00 1.894379335861279268e+00 -4.994346806829627616e-01
9.160282288094363512e-01 -7.287227145828331087e-01 5.585538243897604227e-01
4.945755824906374887e-01 -2.947243183858136995e+00 -1.515320774920116687e-01
7.859833823397892605e-01 -7.869802066570960042e-01 4.603325447402418225e-01
-9.931216727109850595e-01 -1.200615572621683141e-01 -2.655533109191727040e-02
-8.447660918869631663e-01 -2.578153824038166064e+00 7.011381894648863744e-01
2.486349296553251431e+00 -7.996858952084839878e-01 7.910226897476888563e-01
1.031701579028663773e-01 2.035089953209302305e+00 -9.992889735467719303e-01
-2.459550497928045143e+00 -9.329825762096628505e-01 -7.761406264250836351e-01
-3.050001145662060709e-01 9.549629322371748774e-01 -7.047627987964089069e-02
-2.931232619766271696e+00 -6.384278901692930219e-01 9.749416299979427047e-03
-9.839618271398371530e-01 4.118360369490325357e-01 -3.590256356407875993e-01
-1.880194820730131999e+00 2.796786594204024243e-02 -9.928224990065539490e-01
3.803412418573354215e-01 -1.682635916868658210e+00 -9.614689349005056673e-01
-1.814098201954197354e+00 -2.014494472109689127e+00 -7.032630019426634460e-01
3.784032395261688331e-01 9.992963291601080211e-01 3.638490527404824593e-01
1.083612182829407633e+00 4.627754647423978351e-01 5.699114583997225703e-01
-9.251363781401861219e-01 1.194605163032680606e+00 -8.722536949564487774e-01
6.004052969117149585e-01 2.904051718536222459e+00 2.605201427992034913e-01
2.778834743023372300e-01 -1.320718285433473138e+00 7.596222959575568145e-01
-6.657599092193527968e-01 -1.473367238691668080e+00 -9.236660401734385628e-01
-4.481987501458140621e-01 1.158559464464286481e+00 6.525249133898998188e-01
-8.584222788612835831e-02 -1.476453953005889552e+00 -8.535245166205167600e-01
-4.229228695874330812e-01 -1.547864602550616198e+00 9.185100264892438471e-01
3.453902743528747266e-01 1.039339904289109606e+00 -4.258938458620015743e-01
-1.425243647417455461e+00 -7.460989221432891005e-01 9.202720769337037199e-01
-1.744989430201923541e+00 -1.874205505655461290e-01 -9.695295271062670528e-01
1.027888579940185343e+00 1.328555756833098789e+00 -9.473386271304475859e-01
-2.274835391549554942e+00 -4.136028521710966022e-01 -9.500395257828044837e-01
1.286566887856480434e+00 -1.029870619937015119e+00 9.359981573774426300e-01
1.159811751283951198e+00 1.042691602070678625e-01 5.494741933041875637e-01
-1.229223353106131178e+00 3.898964598448169672e-01 7.037751173108015568e-01
1.661313226074371707e+00 -1.730872763594055508e+00 -9.168891390622265769e-01
-6.133101973353687342e-01 -7.916505261031711038e-01 -5.344033874589760452e-02
1.153590386161987391e+00 -1.891203542985944841e+00 9.765545471954748535e-01
8.562008286935464119e-01 -6.913302436167733100e-01 -4.368432221332805288e-01
-2.142170381770426069e+00 -1.064440712312414661e+00 9.199417032665494487e-01
-1.257174398719704822e+00 6.125104673572721037e-01 7.988335723548960488e-01
1.512440640387932245e+00 2.578515449012587446e+00 -1.455501980737801959e-01
2.560310374511296505e+00 -9.344847180394201258e-01 6.882027006660174084e-01
2.263397046130361190e+00 8.788514128532018965e-01 -9.037629353155550715e-01
-1.893387092666699856e-01 9.840329008753553319e-01 -6.450752585257019112e-02
-1.376900281329783704e+00 1.047323375271455248e+00 -9.628474052950858342e-01
6.973620799968257566e-01 -7.231727038177817590e-01 -9.617511700483635795e-02
-2.538219809141282202e+00 1.176277833450864563e+00 -6.032756868927867666e-01
-1.041924799561074755e-01 1.247794447890544944e+00 -6.638530917572204038e-01
1.105723226691796901e+00 -2.781335657415588525e+00 1.175471284599937660e-01
-8.718926900667675062e-01 -6.705543296737478398e-01 -4.357396681605740785e-01
-1.031241871427839296e+00 1.254309186320310410e+00 9.265415948240818267e-01
1.928616468079276780e+00 -1.506026570933439945e+00 8.945473818834667190e-01
2.371068169542954074e+00 -1.837415984040816630e+00 -2.541671523514985737e-02
1.916307887514133279e+00 1.649584326673303902e+00 -8.489268848512726562e-01
3.721789287359633658e-02 -2.017634280485991916e+00 -9.998383913726736072e-01
1.566780191707273895e+00 -1.827477258177783170e-01 9.063172099600336207e-01
1.272823967826333114e+00 -9.216170481878403764e-02 -6.899638724766471443e-01
-2.672204214507353459e+00 3.609328322797412669e-01 7.175863762722455297e-01
-1.227023850501552521e-02 1.781043051181491643e+00 -9.757440042716412076e-01
-7.041586972910006403e-02 1.336437002179901690e+00 -7.497605816262130629e-01
-9.242935956528852692e-01 2.717379945817428588e+00 4.925680567236073726e-01
-1.227535132664197698e-01 1.131939183676429428e+00 -5.078860729341933000e-01
-2.753276214817507395e+00 -7.466872200367736800e-01 -5.223510032662488367e-01
5.789702956614663221e-02 -1.198737314561431067e+00 6.001795120448194520e-01
-8.929748520883188379e-01 -1.079722392911903750e+00 8.008567295716118029e-01
1.793640120855789055e+00 2.203236381497690299e+00 -5.410038115489915755e-01
-2.879736405926748843e-01 -1.072365875658188639e+00 -4.566608320378807151e-01
5.301900428718139269e-01 -2.948039915755892526e+00 -9.646359819232554200e-02
-8.560039456417279924e-01 7.562954926187526183e-01 5.140601639407014201e-01
-1.513496095262469865e+00 -2.535840196893572429e+00 3.024655110192957519e-01
9.259267324850573022e-01 1.072809082198054487e+00 -8.125659785892365150e-01
-1.238613261372720764e-01 -2.927277130759554424e+00 -3.678214909400965293e-01
-6.448664330037565673e-01 7.650068343593763309e-01 -3.297849743670275974e-02
-1.860498271930030034e+00 9.033625486897890744e-02 9.905281394587471810e-01
-2.960419209834485255e+00 -4.752714850041885042e-02 2.772400286392425195e-01
2.085397765198122588e-01 -2.963132652053945826e+00 -2.412543956669247203e-01
2.226914107798956710e+00 -1.531142706485876692e+00 7.116767700200453683e-01
2.534590888579458134e+00 -5.687913108526905237e-01 -8.017730439943562271e-01
-1.195995765854972248e+00 -2.740676039730536750e+00 1.391636971034515835e-01
1.637778085892262481e-01 9.991837065931920003e-01 -1.577272497614925495e-01
-2.769673727127528906e+00 3.517577405215750463e-01 6.106228166470344387e-01
2.317597594316874066e+00 6.923610163192660538e-01 -9.080757392062476230e-01
9.641260353505149983e-01 -2.836810732989918926e-01 -9.982020409615677270e-02
-1.305069015039854285e+00 -4.392655923128784834e-01 7.822306254174870022e-01
1.227039863339769221e+00 2.317362801649236470e+00 7.828788852414755306e-01
-2.008754323162018185e+00 -2.221125554783042855e+00 -1.023915550390731982e-01
-2.632940521143575796e-01 -9.806971506212501799e-01 -1.749706117226882685e-01
-2.436455691993375527e+00 6.870108769174462227e-01 -8.470820816150085308e-01
-1.318111216437025890e+00 6.072522191849857309e-01 8.359968798848248506e-01
2.882602431371682261e+00 -5.008140344656365484e-01 3.780531130301056919e-01
-3.628667665109269191e-01 -9.318448873055674708e-01 -2.680337630735899791e-03
-2.367584808299051602e+00 1.341887466155813335e+00 -6.924991296384920281e-01
-8.849218868991984843e-01 -2.782429828746273426e+00 3.924796423818447400e-01
-1.825466928293479896e+00 1.725139122482860055e+00 -8.591881873545829107e-01
2.869531122143629265e+00 -4.396039025022454583e-01 -4.296219214608338333e-01
8.699116908739442655e-01 -5.733900154362288060e-01 -2.863807003128800432e-01
2.817613372701643359e-01 2.661197660938054099e+00 -7.368353783521613964e-01
-2.404282868553364594e+00 9.704343935778229069e-01 -8.053912744265082635e-01
1.427596810637129732e+00 2.135166011583197410e+00 -8.227136219428493602e-01
-1.622303781260792555e+00 9.634578381797492819e-01 -9.935754315532714376e-01
2.424913014440907233e+00 1.741403203266262523e+00 -1.701824218522158261e-01
2.436853793974092852e+00 2.400686885436972839e-01 -8.937072828181757966e-01
